,0,1
SCN2A,15.58719,6.8950696
CHD8,15.58719,6.8950696
ADNP,15.58719,6.8950696
SHANK3,15.58719,6.8950696
PTEN,15.58719,6.8950696
SYNGAP1,15.58719,6.8950696
MECP2,15.58719,6.8950696
KDM5B,15.58719,6.8950696
FOXP1,15.58719,6.8950696
ARID1B,15.58719,6.8950696
POGZ,15.58719,6.8950696
ASH1L,15.58719,6.8950696
KMT5B,15.58719,6.8950696
SLC6A1,15.58719,6.8950696
GIGYF1,15.58719,6.8950696
DYRK1A,15.58719,6.8950696
CHD2,15.58719,6.8950696
ASXL3,15.58719,6.8950696
TAOK1,15.58719,6.8950696
DNMT3A,15.58719,6.8950696
GRIN2B,15.58719,6.8950696
BRSK2,15.58719,6.8950696
KMT2A,15.58719,6.8950696
NF1,15.58719,6.8950696
STXBP1,15.58719,6.8950696
CUL3,15.58719,6.8950696
MED13L,15.58719,6.8950696
ANK2,15.58719,6.8950696
MYT1L,15.58719,6.8950696
RORB,15.58719,6.8950696
TBL1XR1,15.58719,6.8950696
TBR1,15.58719,6.8950696
DYNC1H1,15.58719,6.8950696
WAC,15.58719,6.8950696
PHF21A,15.58719,6.8950696
KDM6B,15.58719,6.8950696
DDX3X,15.58719,6.8950696
CTNNB1,15.58719,6.8950696
MED13,15.58719,6.8950696
ANKRD11,15.58719,6.8950696
CTCF,15.58719,6.8950696
RFX3,15.58719,6.8950696
ARHGEF9,15.58719,6.8950696
SHANK2,15.58719,6.8950696
DEAF1,15.58719,6.8950696
SMARCC2,15.58719,6.8950696
TLK2,15.58719,6.8950696
TCF20,15.58719,6.8950696
CNOT3,15.58719,6.8950696
SYNCRIP,15.58719,6.8950696
SETD5,15.58719,6.8950696
NAA15,15.58719,6.8950696
SCN1A,15.58719,6.8950696
EHMT1,15.58719,6.8950696
TCF4,15.58719,6.8950696
SRPRA,15.58719,6.8950696
MARK2,15.58719,6.8950696
KMT2C,15.58719,6.8950696
MBD5,15.58719,6.8950696
NRXN1,15.58719,6.8950696
IRF2BPL,15.58719,6.8950696
PHIP,15.58719,6.8950696
NFE2L3,15.58719,6.8950696
SKI,15.58719,6.8950696
PSMD12,15.58719,6.8950696
KCNB1,15.58719,6.8950696
CSDE1,15.58719,6.8950696
TSC1,15.58719,6.8950696
DMWD,15.58719,6.8950696
CLCN4,15.58719,6.8950696
MEIS2,15.58719,6.8950696
PBX1,15.58719,6.8950696
HNRNPD,15.58719,6.8950696
BCL11A,15.58719,6.8950696
TCF7L2,15.58719,6.8950696
WDFY3,15.58719,6.8950696
PHF3,15.58719,6.8950696
SETBP1,15.58719,6.8950696
TGM1,15.58719,6.8950696
EBF3,15.58719,6.8950696
PPP2R5D,15.58719,6.8950696
TAF4,15.58719,6.8950696
KCNQ2,15.58719,6.8950696
CAPRIN1,15.58719,6.8950696
DSCAM,15.58719,6.8950696
GABBR2,15.58719,6.8950696
PRKG2,15.58719,6.8950696
UBN2,15.58719,6.8950696
MEF2C,15.58719,6.8950696
TRIP12,15.58719,6.8950696
EP300,15.58719,6.8950696
NR3C2,15.58719,6.8950696
ARHGEF18,15.58719,6.8950696
TNPO3,15.58719,6.8950696
SMAD6,15.58719,6.8950696
AMOT,15.58719,6.8950696
AUTS2,15.58719,6.8950696
NCKAP1,15.58719,6.8950696
DLG4,15.58719,6.8950696
ECPAS,15.58719,6.8950696
PRKAR1B,15.58719,6.8950696
FUBP3,15.58719,6.8950696
GRIA2,15.58719,6.8950696
CCDC40,15.58719,6.8950696
GABRA1,15.58719,6.8950696
TSC2,15.58719,6.8950696
C1orf185,15.58719,6.8950696
METTL23,15.58719,6.8950696
HNRNPUL2,15.58719,6.8950696
PAX5,15.58719,6.8950696
ATF4,15.58719,6.8950696
RERE,15.58719,6.8950696
DHFR2,15.58719,6.8950696
TMC4,15.58719,6.8950696
FXYD5,15.58719,6.8950696
EBAG9,15.58719,6.8950696
ITGB5,15.58719,6.8950696
INTS2,15.58719,6.8950696
RAI1,15.58719,6.8950696
FOXG1,15.58719,6.8950696
PLEKHG6,15.58719,6.8950696
MAVS,15.58719,6.8950696
C1QC,15.58719,6.8950696
TMEM116,15.58719,6.8950696
SIN3A,15.58719,6.8950696
ANP32A,15.58719,6.8950696
PRR14L,15.58719,6.8950696
CSNK2B,15.58719,6.8950696
PMM2,15.58719,6.8950696
PFN2,15.58719,6.8950696
LMTK3,15.58719,6.8950696
SPRY2,15.58719,6.8950696
CMPK2,15.58719,6.8950696
IQSEC2,15.58719,6.8950696
RIPK1,15.58719,6.8950696
TPK1,15.58719,6.8950696
CASZ1,15.58719,6.8950696
ZBTB45,15.58719,6.8950696
NUDT17,15.58719,6.8950696
FANCE,15.58719,6.8950696
ZNF396,15.58719,6.8950696
NR4A2,15.58719,6.8950696
TBCEL,15.58719,6.8950696
ADAM21,15.58719,6.8950696
TCF3,15.58719,6.8950696
AAAS,15.58719,6.8950696
CELF6,15.58719,6.8950696
INSC,15.58719,6.8950696
ZMYND8,15.58719,6.8950696
CLTC,15.58719,6.8950696
TCHHL1,15.58719,6.8950696
CTDSPL2,15.58719,6.8950696
ZNF292,15.58719,6.8950696
KCNQ3,15.58719,6.8950696
RALGAPB,15.58719,6.8950696
SRCAP,15.58719,6.8950696
RAB11FIP4,15.58719,6.8950696
ZNF865,15.58719,6.8950696
CASKIN1,15.58719,6.8950696
RANBP17,15.58719,6.8950696
FBN1,15.58719,6.8950696
ACTB,15.58719,6.8950696
CNNM2,15.58719,6.8950696
TSHZ1,15.58719,6.8950696
UPF3B,15.58719,6.8950696
PHF2,15.58719,6.8950696
FMR1,15.58719,6.8950696
MIB1,15.58719,6.8950696
FADS1,15.58719,6.8950696
FRMD7,15.58719,6.8950696
LDB1,15.58719,6.8950696
PCDH19,15.58719,6.8950696
EIF3G,15.58719,6.8950696
MYO1E,15.58719,6.8950696
ZFAND5,15.58719,6.8950696
CFAP410,15.58719,6.8950696
BICRA,15.58719,6.8950696
MYBL2,15.58719,6.8950696
KIAA1958,15.58719,6.8950696
GABRG2,15.58719,6.8950696
SKIDA1,15.58719,6.8950696
PSMA3,15.58719,6.8950696
TTC37,15.58719,6.8950696
PCYT1A,15.58719,6.8950696
AP1G1,15.58719,6.8950696
FEZF2,15.58719,6.8950696
FGF19,15.58719,6.8950696
MSL3,15.58719,6.8950696
SON,15.58719,6.8950696
DNAJC5,15.58719,6.8950696
FBXO22,15.58719,6.8950696
TNFRSF8,15.58719,6.8950696
HDAC11,15.58719,6.8950696
SSR2,15.58719,6.8950696
ACTG1,15.58719,6.8950696
PNN,15.58719,6.8950696
RUNX1T1,15.58719,6.8950696
APBB1,15.58719,6.8950696
CERS4,15.58719,6.8950696
CELF4,15.58719,6.8950696
ZBTB14,15.58719,6.8950696
ATAT1,15.58719,6.8950696
RBBP5,15.58719,6.8950696
G3BP1,15.58719,6.8950696
WNT7B,15.58719,6.8950696
BDP1,15.58719,6.8950696
RNF217,15.58719,6.8950696
CBX4,15.58719,6.8950696
NME8,15.58719,6.8950696
DCUN1D3,15.58719,6.8950696
ENC1,15.58719,6.8950696
UBB,15.58719,6.8950696
NEO1,15.58719,6.8950696
SLC4A10,15.58719,6.8950696
BRF2,15.58719,6.8950696
PSMD11,15.58719,6.8950696
NR2F1,15.58719,6.8950696
CASK,15.58719,6.8950696
SARM1,15.58719,6.8950696
TPST2,15.58719,6.8950696
FPGS,15.58719,6.8950696
QRICH1,15.58719,6.8950696
LRP10,15.58719,6.8950696
CD101,15.58719,6.8950696
INTS7,15.58719,6.8950696
SMAD4,15.58719,6.8950696
STARD10,15.58719,6.8950696
CNTNAP3,15.58719,6.8950696
DHX37,15.58719,6.8950696
GABRB3,15.58719,6.8950696
NDNF,15.58719,6.8950696
FARP2,15.58719,6.8950696
SLF1,15.58719,6.8950696
HDAC4,15.58719,6.8950696
CNGB3,15.58719,6.8950696
PCDHGA8,15.58719,6.8950696
TSPAN4,15.58719,6.8950696
FUK,15.58719,6.8950696
SULT1A1,15.58719,6.8950696
NTS,15.58719,6.8950696
MAN1A1,15.58719,6.8950696
FAM57B,15.58719,6.8950696
RFX8,15.58719,6.8950696
NACC1,15.58719,6.8950696
ZSWIM4,15.58719,6.8950696
PPCS,15.58719,6.8950696
SUSD4,15.58719,6.8950696
TMEM165,15.58719,6.8950696
RIMBP2,15.58719,6.8950696
PSMD6,15.58719,6.8950696
ITPKA,15.58719,6.8950696
MSL2,15.58719,6.8950696
RNF146,15.58719,6.8950696
NSD2,15.58719,6.8950696
SOX11,15.58719,6.8950696
SLC34A1,15.58719,6.8950696
ADPGK,15.58719,6.8950696
TCERG1,15.58719,6.8950696
ZBTB18,15.58719,6.8950696
TAF6,15.58719,6.8950696
BCL11B,15.58719,6.8950696
PPM1M,15.58719,6.8950696
PUF60,15.58719,6.8950696
CUX2,15.58719,6.8950696
GPC5,15.58719,6.8950696
SERPINI1,15.58719,6.8950696
SATB2,15.58719,6.8950696
CRISPLD1,15.58719,6.8950696
ZMYM2,15.58719,6.8950696
DBF4,15.58719,6.8950696
ZMYND11,15.58719,6.8950696
TNFAIP8L3,15.58719,6.8950696
PCDHGA12,15.58719,6.8950696
ARHGEF2,15.58719,6.8950696
CFAP70,15.58719,6.8950696
HPS6,15.58719,6.8950696
JARID2,15.58719,6.8950696
SNCA,15.58719,6.8950696
KDM6A,15.58719,6.8950696
ASB14,15.58719,6.8950696
CALU,15.58719,6.8950696
HNRNPL,15.58719,6.8950696
KLHL25,15.58719,6.8950696
AHDC1,15.58719,6.8950696
CTR9,15.58719,6.8950696
B9D1,15.58719,6.8950696
SPAST,15.58719,6.8950696
EIF4G2,15.58719,6.8950696
LRRFIP1,15.58719,6.8950696
TUBB2A,15.58719,6.8950696
GGNBP2,15.58719,6.8950696
ARHGAP44,15.58719,6.8950696
CARD14,15.58719,6.8950696
CIC,15.58719,6.8950696
DIP2C,15.58719,6.8950696
RIPOR3,15.58719,6.8950696
CCNT2,15.58719,6.8950696
ZC3H14,15.58719,6.8950696
PER2,15.58719,6.8950696
DCAF7,15.58719,6.8950696
MAP2K7,15.58719,6.8950696
AMOTL1,15.58719,6.8950696
HBD,15.58719,6.8950696
PSMC5,15.58719,6.8950696
FOXP2,15.58719,6.8950696
DACT1,15.58719,6.8950696
PAPOLG,15.58719,6.8950696
FBXW5,15.58719,6.8950696
POTEH,15.58719,6.8950696
CTB-186H2.3,15.58719,6.8950696
FLJ00273,15.58719,6.8950696
CD93,15.58719,6.8950696
MFHAS1,15.58719,6.8950696
BTRC,15.58719,6.8950696
FBH1,15.58719,6.8950696
ANO9,15.58719,6.8950696
SETD1A,15.58719,6.8950696
WNT9B,15.58719,6.8950696
LRRC4,15.58719,6.8950696
NPIPB5,15.58719,6.8950696
ZNF462,15.58719,6.8950696
ZMAT5,15.58719,6.8950696
TLE3,15.58719,6.8950696
CYP17A1,15.58719,6.8950696
EFR3A,15.58719,6.8950696
ULK1,15.58719,6.8950696
S100G,15.58719,6.8950696
TRERF1,15.58719,6.8950696
IFRD2,15.58719,6.8950696
EIF2A,15.58719,6.8950696
MOB4,15.58719,6.8950696
ANKS4B,15.58719,6.8950696
FAM72A,15.58719,6.8950696
PARN,15.58719,6.8950696
GSTM1,15.58719,6.8950696
DNTT,15.58719,6.8950696
SNTA1,15.58719,6.8950696
KRTAP2-2,15.58719,6.8950696
HECTD4,15.58719,6.8950696
DEFB128,15.58719,6.8950696
TGM6,15.58719,6.8950696
NBPF12,15.58719,6.8950696
KLHDC10,15.58719,6.8950696
HTN1,15.58719,6.8950696
SLC28A1,15.58719,6.8950696
KATNAL2,15.58719,6.8950696
ING1,15.58719,6.8950696
MGRN1,15.58719,6.8950696
SLC25A46,15.58719,6.8950696
CHN2,15.58719,6.8950696
C19orf33,15.58719,6.8950696
WWC2,15.58719,6.8950696
TOP3B,15.58719,6.8950696
PRR12,15.58719,6.8950696
TTC12,15.58719,6.8950696
KCNT1,15.58719,6.8950696
MCPH1,15.58719,6.8950696
GSS,15.58719,6.8950696
MOGS,15.58719,6.8950696
PRAMEF10,15.58719,6.8950696
HMGN2,15.58719,6.8950696
KRTAP5-2,15.58719,6.8950696
EIF2AK1,15.58719,6.8950696
PPP1R17,15.58719,6.8950696
ERI1,15.58719,6.8950696
NRG4,15.58719,6.8950696
EMSY,15.58719,6.8950696
TCEAL1,15.58719,6.8950696
MBNL1,15.58719,6.8950696
KIAA0232,15.58719,6.8950696
DUS1L,15.58719,6.8950696
TMEM140,15.58719,6.8950696
GRIN1,15.58719,6.8950696
SLC16A1,15.58719,6.8950696
IFNA5,15.58719,6.8950696
HIST1H1A,15.58719,6.8950696
TCF24,15.58719,6.8950696
RYBP,15.58719,6.8950696
HIST1H2BK,15.58719,6.8950696
RPS6KA3,15.58719,6.8950696
HIST1H1E,15.58719,6.8950696
MYH2,15.58719,6.8950696
TOMM7,15.58719,6.8950696
TMEM14C,15.58719,6.8950696
RIPPLY1,15.58719,6.8950696
SMIM15,15.58719,6.8950696
TPBGL,15.58719,6.8950696
BDKRB2,15.58719,6.8950696
NRSN2,15.58719,6.8950696
IFITM1,15.58719,6.8950696
ARF1,15.58719,6.8950696
MSH2,15.58719,6.8950696
SCNN1D,15.58719,6.8950696
RAC3,15.58719,6.8950696
RPS12,15.58719,6.8950696
SMIM22,15.58719,6.8950696
NBPF20,15.58719,6.8950696
ZNF71,15.58719,6.8950696
EFCAB9,15.58719,6.8950696
C2orf72,15.58719,6.8950696
PTMS,15.58719,6.8950696
ZNF580,15.58719,6.8950696
ARF3,15.58719,6.8950696
MLANA,15.58719,6.8950696
LLPH,15.58719,6.8950696
LSM10,15.58719,6.8950696
GSTA2,15.58719,6.8950696
C3orf56,15.58719,6.8950696
BST2,15.58719,6.8950696
WASHC3,15.58719,6.8950696
GATC,15.58719,6.8950696
TGFBR3L,15.58719,6.8950696
VIP,15.58719,6.8950696
UBA6,15.58719,6.8950696
NUDCD2,15.58719,6.8950696
FCER1G,15.58719,6.8950696
YWHAZ,15.58719,6.8950696
MKX,15.58719,6.8950696
BPIFA1,15.58719,6.8950696
IL3,15.58719,6.8950696
VPREB3,15.58719,6.8950696
ABCC5,15.58719,6.8950696
MDFI,15.58719,6.8950696
CA3,15.58719,6.8950696
CD59,15.58719,6.8950696
C4orf19,15.58719,6.8950696
CARHSP1,15.58719,6.8950696
CDH13,15.58719,6.8950696
CORO2B,15.58719,6.8950696
NDUFB6,15.58719,6.8950696
UMODL1,15.58719,6.8950696
MRPS28,15.58719,6.8950696
HHAT,15.58719,6.8950696
SPP2,15.58719,6.8950696
ASB17,15.58719,6.8950696
PLA2G16,15.58719,6.8950696
SLC6A13,15.58719,6.8950696
PCDHA8,15.58719,6.8950696
TMEM179,15.58719,6.8950696
ZNF781,15.58719,6.8950696
C11orf24,15.58719,6.8950696
GALNT18,15.58719,6.8950696
GADD45G,15.58719,6.8950696
TLR3,15.58719,6.8950696
IL27,15.58719,6.8950696
ISL2,15.58719,6.8950696
ARHGAP18,15.58719,6.8950696
NCKAP1L,15.58719,6.8950696
GLYAT,15.58719,6.8950696
CST2,15.58719,6.8950696
GHRL,15.58719,6.8950696
ZDHHC2,15.58719,6.8950696
PTPRE,15.58719,6.8950696
SNAPC4,15.58719,6.8950696
KRTAP10-6,15.58719,6.8950696
PRR32,15.58719,6.8950696
TMEM39B,15.58719,6.8950696
LYPD4,15.58719,6.8950696
TMEM249,15.58719,6.8950696
FPR3,15.58719,6.8950696
DCDC2B,15.58719,6.8950696
EBF1,15.58719,6.8950696
MADCAM1,15.58719,6.8950696
AMPD1,15.58719,6.8950696
DOT1L,15.58719,6.8950696
RNF151,15.58719,6.8950696
PRDX6,15.58719,6.8950696
AIF1L,15.58719,6.8950696
IL20,15.58719,6.8950696
LSM3,15.58719,6.8950696
MORN4,15.58719,6.8950696
FAM168B,15.58719,6.8950696
GLTP,15.58719,6.8950696
LDLRAD2,15.58719,6.8950696
C6orf47,15.58719,6.8950696
SCARA3,15.58719,6.8950696
KRIT1,15.58719,6.8950696
GPR31,15.58719,6.8950696
PABPC1L,15.58719,6.8950696
GPX4,15.58719,6.8950696
ABTB1,15.58719,6.8950696
SIRPB2,15.58719,6.8950696
ITSN1,15.58719,6.8950696
TCF12,15.58719,6.8950696
PRKD3,15.58719,6.8950696
KLC1,15.58719,6.8950696
TPRX1,15.58719,6.8950696
C2orf40,15.58719,6.8950696
CHCHD4,15.58719,6.8950696
UPP1,15.58719,6.8950696
DESI2,15.58719,6.8950696
PRR23A,15.58719,6.8950696
OLFM3,15.58719,6.8950696
NUDT4,15.58719,6.8950696
SNX22,15.58719,6.8950696
TIFA,15.58719,6.8950696
EPHB1,15.58719,6.8950696
C11orf68,15.58719,6.8950696
CACNA1D,15.58719,6.8950696
KIRREL3,15.58719,6.8950696
PRR30,15.58719,6.8950696
ATOH1,15.58719,6.8950696
NUAK1,15.58719,6.8950696
GVQW3,15.58719,6.8950696
TCTE3,15.58719,6.8950696
GARNL3,15.58719,6.8950696
CALHM3,15.58719,6.8950696
EMCN,15.58719,6.8950696
EFCAB8,15.58719,6.8950696
FAM177A1,15.58719,6.8950696
SPRY1,15.58719,6.8950696
NCAPG,15.58719,6.8950696
AZGP1,15.58719,6.8950696
RGS2,15.58719,6.8950696
ARHGDIB,15.58719,6.8950696
ADTRP,15.58719,6.8950696
CD151,15.58719,6.8950696
G3BP2,15.58719,6.8950696
CXXC5,15.58719,6.8950696
RESP18,15.58719,6.8950696
EOGT,15.58719,6.8950696
TKT,15.58719,6.8950696
NT5M,15.58719,6.8950696
KATNAL1,15.58719,6.8950696
IFI44L,15.58719,6.8950696
VGLL2,15.58719,6.8950696
RWDD2A,15.58719,6.8950696
MPLKIP,15.58719,6.8950696
IFNG,15.58719,6.8950696
EMC9,15.58719,6.8950696
KIAA0319,15.58719,6.8950696
BAD,15.58719,6.8950696
POLRMT,15.58719,6.8950696
CEACAM19,15.58719,6.8950696
C20orf173,15.58719,6.8950696
ARL13A,15.58719,6.8950696
ASF1A,15.58719,6.8950696
FAM71F2,15.58719,6.8950696
MYL12A,15.58719,6.8950696
NEFM,15.58719,6.8950696
CELA3A,15.58719,6.8950696
CDK13,15.58719,6.8950696
KIF9,15.58719,6.8950696
HES5,15.58719,6.8950696
VSIG2,15.58719,6.8950696
TMEM241,15.58719,6.8950696
SPIC,15.58719,6.8950696
NSMCE1,15.58719,6.8950696
BRF1,15.58719,6.8950696
TM4SF19,15.58719,6.8950696
SLC35D2,15.58719,6.8950696
OVCA2,15.58719,6.8950696
MTHFS,15.58719,6.8950696
SOX5,15.58719,6.8950696
AADACL4,15.58719,6.8950696
SYT1,15.58719,6.8950696
CYLC1,15.58719,6.8950696
ZNF76,15.58719,6.8950696
EXT1,15.58719,6.8950696
NALCN,15.58719,6.8950696
PIN1,15.58719,6.8950696
RRAGC,15.58719,6.8950696
EDAR,15.58719,6.8950696
RPL12,15.58719,6.8950696
EAF1,15.58719,6.8950696
LSM1,15.58719,6.8950696
TMEM91,15.58719,6.8950696
SPDYC,15.58719,6.8950696
IFI30,15.58719,6.8950696
BTBD2,15.58719,6.8950696
OVOL1,15.58719,6.8950696
EDF1,15.58719,6.8950696
ZNF346,15.58719,6.8950696
TM4SF1,15.58719,6.8950696
TSSC4,15.58719,6.8950696
TMEM147,15.58719,6.8950696
YRDC,15.58719,6.8950696
WFS1,15.58719,6.8950696
PSD3,15.58719,6.8950696
NET1,15.58719,6.8950696
OBP2A,15.58719,6.8950696
ORM1,15.58719,6.8950696
BNIP1,15.58719,6.8950696
CD163L1,15.58719,6.8950696
TIGAR,15.58719,6.8950696
ZC3H8,15.58719,6.8950696
PDCD1,15.58719,6.8950696
KAZN,15.58719,6.8950696
CLEC3A,15.58719,6.8950696
UBE2J2,15.58719,6.8950696
DEK,15.58719,6.8950696
PPP1R3D,15.58719,6.8950696
HIST1H4F,15.58719,6.8950696
DCAF11,15.58719,6.8950696
ADCY5,15.58719,6.8950696
MYOZ2,15.58719,6.8950696
HAVCR1,15.58719,6.8950696
TRAM1L1,15.58719,6.8950696
RPUSD1,15.58719,6.8950696
KIR2DL3,15.58719,6.8950696
LYPD5,15.58719,6.8950696
ACBD6,15.58719,6.8950696
SYT7,15.58719,6.8950696
APOL4,15.58719,6.8950696
NKIRAS1,15.58719,6.8950696
LRRC4C,15.58719,6.8950696
KDM1B,15.58719,6.8950696
NCCRP1,15.58719,6.8950696
MRPL52,15.58719,6.8950696
MRPL14,15.58719,6.8950696
GCNT7,15.58719,6.8950696
CPD,15.58719,6.8950696
PRPS1L1,15.58719,6.8950696
TMBIM6,15.58719,6.8950696
METTL26,15.58719,6.8950696
RNASEH2A,15.58719,6.8950696
NECAP1,15.58719,6.8950696
BPIFB3,15.58719,6.8950696
ZFP36L2,15.58719,6.8950696
ABHD12B,15.58719,6.8950696
EFCAB2,15.58719,6.8950696
CCNO,15.58719,6.8950696
PAFAH1B3,15.58719,6.8950696
ASCL4,15.58719,6.8950696
RSC1A1,15.58719,6.8950696
CCT7,15.58719,6.8950696
TMEM82,15.58719,6.8950696
NPBWR1,15.58719,6.8950696
IGFBP2,15.58719,6.8950696
CDC42EP4,15.58719,6.8950696
DTYMK,15.58719,6.8950696
STAP1,15.58719,6.8950696
GNB2,15.58719,6.8950696
MFSD3,15.58719,6.8950696
PAK1IP1,15.58719,6.8950696
RPL15,15.58719,6.8950696
LRRC14,15.58719,6.8950696
DSCAML1,15.58719,6.8950696
EEF2,15.58719,6.8950696
N4BP2L1,15.58719,6.8950696
ITGB1BP1,15.58719,6.8950696
PCGF3,15.58719,6.8950696
FERMT2,15.58719,6.8950696
TRIML1,15.58719,6.8950696
EIF4E3,15.58719,6.8950696
CADM2,15.58719,6.8950696
RTL3,15.58719,6.8950696
PPP4R2,15.58719,6.8950696
GRIK2,15.58719,6.8950696
MCHR2,15.58719,6.8950696
TUSC1,15.58719,6.8950696
GPR171,15.58719,6.8950696
VWA7,15.58719,6.8950696
IGF2,15.58719,6.8950696
H3F3B,15.58719,6.8950696
SLC35A5,15.58719,6.8950696
PDGFC,15.58719,6.8950696
ARHGEF7,15.58719,6.8950696
IDH3G,15.58719,6.8950696
SPC25,15.58719,6.8950696
NIFK,15.58719,6.8950696
SULT1B1,15.58719,6.8950696
CRIP2,15.58719,6.8950696
XXYLT1,15.58719,6.8950696
TMEM45A,15.58719,6.8950696
CACNA2D3,15.58719,6.8950696
RASGEF1B,15.58719,6.8950696
SCGN,15.58719,6.8950696
FAS,15.58719,6.8950696
PPA2,15.58719,6.8950696
THEGL,15.58719,6.8950696
C6orf106,15.58719,6.8950696
PCDHB4,15.58719,6.8950696
SORD,15.58719,6.8950696
THOC7,15.58719,6.8950696
PLVAP,15.58719,6.8950696
XKR3,15.58719,6.8950696
CDH10,15.58719,6.8950696
APH1A,15.58719,6.8950696
GTF2I,15.58719,6.8950696
SLC35G1,15.58719,6.8950696
IPP,15.58719,6.8950696
ASPN,15.58719,6.8950696
PDCD2,15.58719,6.8950696
RTRAF,15.58719,6.8950696
C18orf54,15.58719,6.8950696
LIPI,15.58719,6.8950696
LIN7B,15.58719,6.8950696
HYKK,15.58719,6.8950696
KLRG2,15.58719,6.8950696
GFY,15.58719,6.8950696
GALNT14,15.58719,6.8950696
SLC36A4,15.58719,6.8950696
OSR2,15.58719,6.8950696
CAB39,15.58719,6.8950696
PSD,15.58719,6.8950696
RAB2A,15.58719,6.8950696
ARRDC1,15.58719,6.8950696
CBX1,15.58719,6.8950696
GNB5,15.58719,6.8950696
MMD,15.58719,6.8950696
ZNF578,15.58719,6.8950696
FAM217B,15.58719,6.8950696
DBR1,15.58719,6.8950696
LRTM2,15.58719,6.8950696
SARAF,15.58719,6.8950696
C1QL3,15.58719,6.8950696
POPDC2,15.58719,6.8950696
GPR152,15.58719,6.8950696
OSER1,15.58719,6.8950696
PYHIN1,15.58719,6.8950696
FSCB,15.58719,6.8950696
CCR7,15.58719,6.8950696
TOR1AIP2,15.58719,6.8950696
ZNF362,15.58719,6.8950696
FOXD3,15.58719,6.8950696
ENTR1,15.58719,6.8950696
HELZ2,15.58719,6.8950696
CCDC115,15.58719,6.8950696
GDPD4,15.58719,6.8950696
HNRNPU,15.58719,6.8950696
NXPE4,15.58719,6.8950696
VCL,15.58719,6.8950696
PLIN2,15.58719,6.8950696
ZNF697,15.58719,6.8950696
AXIN2,15.58719,6.8950696
PNPLA7,15.58719,6.8950696
ST3GAL6,15.58719,6.8950696
PLIN4,15.58719,6.8950696
SCAMP2,15.58719,6.8950696
ZNF517,15.58719,6.8950696
LRRC74A,15.58719,6.8950696
TANC2,15.58719,6.8950696
RETREG2,15.58719,6.8950696
TP53I13,15.58719,6.8950696
HIBADH,15.58719,6.8950696
CD63,15.58719,6.8950696
AMD1,15.58719,6.8950696
GABRB1,15.58719,6.8950696
TNFRSF19,15.58719,6.8950696
CCIN,15.58719,6.8950696
DBX2,15.58719,6.8950696
CACNG3,15.58719,6.8950696
STMN4,15.58719,6.8950696
TDO2,15.58719,6.8950696
STN1,15.58719,6.8950696
FCRL6,15.58719,6.8950696
NME9,15.58719,6.8950696
PSMB5,15.58719,6.8950696
NOXO1,15.58719,6.8950696
TMEM102,15.58719,6.8950696
FGF14,15.58719,6.8950696
CRAMP1,15.58719,6.8950696
ICE1,15.58719,6.8950696
PRSS38,15.58719,6.8950696
BTNL8,15.58719,6.8950696
RPL11,15.58719,6.8950696
STPG2,15.58719,6.8950696
SYCE1,15.58719,6.8950696
RNF220,15.58719,6.8950696
GALR2,15.58719,6.8950696
OSBPL7,15.58719,6.8950696
FAM200A,15.58719,6.8950696
TRIM38,15.58719,6.8950696
TLDC1,15.58719,6.8950696
RPGRIP1L,15.58719,6.8950696
HSPA13,15.58719,6.8950696
SEC11A,15.58719,6.8950696
ST6GALNAC2,15.58719,6.8950696
PRDM16,15.58719,6.8950696
PAFAH1B2,15.58719,6.8950696
ING2,15.58719,6.8950696
SLC24A1,15.58719,6.8950696
PIP4K2B,15.58719,6.8950696
BTBD16,15.58719,6.8950696
NAA40,15.58719,6.8950696
GSDMC,15.58719,6.8950696
SMAP2,15.58719,6.8950696
PEX11B,15.58719,6.8950696
LRRIQ1,15.58719,6.8950696
FOS,15.58719,6.8950696
E2F6,15.58719,6.8950696
NFIL3,15.58719,6.8950696
CYBRD1,15.58719,6.8950696
PPP1R7,15.58719,6.8950696
SLC35A3,15.58719,6.8950696
SRPK2,15.58719,6.8950696
PRPF4B,15.58719,6.8950696
POC5,15.58719,6.8950696
RNF212B,15.58719,6.8950696
ELOVL2,15.58719,6.8950696
CDK18,15.58719,6.8950696
INSIG1,15.58719,6.8950696
MKS1,15.58719,6.8950696
FAM200B,15.58719,6.8950696
GPR26,15.58719,6.8950696
HIC2,15.58719,6.8950696
RAB40B,15.58719,6.8950696
ADAR,15.58719,6.8950696
LRRC17,15.58719,6.8950696
BTN1A1,15.58719,6.8950696
PRRT1,15.58719,6.8950696
NAXE,15.58719,6.8950696
FANCL,15.58719,6.8950696
BTBD19,15.58719,6.8950696
ELAVL2,15.58719,6.8950696
RHOV,15.58719,6.8950696
SERPINE3,15.58719,6.8950696
PSG9,15.58719,6.8950696
UNC93B1,15.58719,6.8950696
MIDN,15.58719,6.8950696
HCRTR1,15.58719,6.8950696
ASB4,15.58719,6.8950696
CDH12,15.58719,6.8950696
HOXD1,15.58719,6.8950696
SIGLEC8,15.58719,6.8950696
SLC35A2,15.58719,6.8950696
ZNF548,15.58719,6.8950696
DOCK8,15.58719,6.8950696
TBPL2,15.58719,6.8950696
CORO1C,15.58719,6.8950696
DNAJC8,15.58719,6.8950696
CLPTM1,15.58719,6.8950696
ANP32D,15.58719,6.8950696
ANKEF1,15.58719,6.8950696
SCNM1,15.58719,6.8950696
NUDT6,15.58719,6.8950696
OSBPL3,15.58719,6.8950696
GNG11,15.58719,6.8950696
PLEKHO1,15.58719,6.8950696
ETV2,15.58719,6.8950696
EPCAM,15.58719,6.8950696
CTAGE1,15.58719,6.8950696
THBS4,15.58719,6.8950696
YBX1,15.58719,6.8950696
HRAS,15.58719,6.8950696
ZNF26,15.58719,6.8950696
TBL3,15.58719,6.8950696
ITPRIPL1,15.58719,6.8950696
ZNF813,15.58719,6.8950696
YIF1B,15.58719,6.8950696
GNAI1,15.58719,6.8950696
VSTM2L,15.58719,6.8950696
OASL,15.58719,6.8950696
KREMEN1,15.58719,6.8950696
ZNF286A,15.58719,6.8950696
ADCY7,15.58719,6.8950696
ZNF211,15.58719,6.8950696
ZNF488,15.58719,6.8950696
DCP1A,15.58719,6.8950696
SHISA9,15.58719,6.8950696
MEX3B,15.58719,6.8950696
CHAMP1,15.58719,6.8950696
C3orf58,15.58719,6.8950696
PPP6C,15.58719,6.8950696
WDR26,15.58719,6.8950696
PRDM5,15.58719,6.8950696
RFTN1,15.58719,6.8950696
PACRG,15.58719,6.8950696
DERA,15.58719,6.8950696
MAZ,15.58719,6.8950696
KIAA0825,15.58719,6.8950696
PCOLCE,15.58719,6.8950696
LMAN1L,15.58719,6.8950696
KLHDC2,15.58719,6.8950696
CRHBP,15.58719,6.8950696
HAPLN3,15.58719,6.8950696
UQCRC2,15.58719,6.8950696
MRE11,15.58719,6.8950696
RASSF2,15.58719,6.8950696
NHLRC4,15.58719,6.8950696
CUEDC1,15.58719,6.8950696
ANKRD53,15.58719,6.8950696
TRIM73,15.58719,6.8950696
TAPBP,15.58719,6.8950696
TMEM151A,15.58719,6.8950696
HIST1H2BH,15.58719,6.8950696
ZNF354C,15.58719,6.8950696
ANTXR2,15.58719,6.8950696
PHF23,15.58719,6.8950696
DENND2C,15.58719,6.8950696
ZIC2,15.58719,6.8950696
CCDC43,15.58719,6.8950696
MSTN,15.58719,6.8950696
GIMAP8,15.58719,6.8950696
SLC25A30,15.58719,6.8950696
CCDC125,15.58719,6.8950696
L1TD1,15.58719,6.8950696
HRASLS2,15.58719,6.8950696
CACTIN,15.58719,6.8950696
IL11RA,15.58719,6.8950696
HAUS3,15.58719,6.8950696
ODF3B,15.58719,6.8950696
ZNF689,15.58719,6.8950696
TCF15,15.58719,6.8950696
KIAA0754,15.58719,6.8950696
RUNDC3B,15.58719,6.8950696
SLC30A2,15.58719,6.8950696
PRKD1,15.58719,6.8950696
PHF12,15.58719,6.8950696
RASSF7,15.58719,6.8950696
ACE,15.58719,6.8950696
BLCAP,15.58719,6.8950696
TWF2,15.58719,6.8950696
DDX60,15.58719,6.8950696
PHF24,15.58719,6.8950696
CNPPD1,15.58719,6.8950696
MOS,15.58719,6.8950696
TRIM17,15.58719,6.8950696
CHRM4,15.58719,6.8950696
RAB6B,15.58719,6.8950696
RAPH1,15.58719,6.8950696
SYP,15.58719,6.8950696
PHF7,15.58719,6.8950696
ADRM1,15.58719,6.8950696
FLCN,15.58719,6.8950696
ZNF559,15.58719,6.8950696
ZNF710,15.58719,6.8950696
CCDC113,15.58719,6.8950696
CCDC87,15.58719,6.8950696
CYP27C1,15.58719,6.8950696
METTL17,15.58719,6.8950696
ZNF490,15.58719,6.8950696
GPRIN1,15.58719,6.8950696
LRRC37A3,15.58719,6.8950696
ZFYVE9,15.58719,6.8950696
RTN4RL2,15.58719,6.8950696
USP29,15.58719,6.8950696
TUBA3C,15.58719,6.8950696
P2RX5,15.58719,6.8950696
AMBP,15.58719,6.8950696
GRK7,15.58719,6.8950696
ZNF699,15.58719,6.8950696
ZWILCH,15.58719,6.8950696
CDKN2AIP,15.58719,6.8950696
FXYD7,15.58719,6.8950696
STAM,15.58719,6.8950696
SATB1,15.58719,6.8950696
BARX2,15.58719,6.8950696
MCM6,15.58719,6.8950696
ENTPD2,15.58719,6.8950696
TERF2,15.58719,6.8950696
CYP1A1,15.58719,6.8950696
MMP27,15.58719,6.8950696
TUB,15.58719,6.8950696
LMNTD1,15.58719,6.8950696
TSNARE1,15.58719,6.8950696
LZTS3,15.58719,6.8950696
SDR42E1,15.58719,6.8950696
PPP5C,15.58719,6.8950696
SETD7,15.58719,6.8950696
MANEA,15.58719,6.8950696
FOSB,15.58719,6.8950696
MOCS3,15.58719,6.8950696
OPN5,15.58719,6.8950696
ZFP14,15.58719,6.8950696
DPYSL2,15.58719,6.8950696
LRFN4,15.58719,6.8950696
SLC6A8,15.58719,6.8950696
CSTF2T,15.58719,6.8950696
IRX5,15.58719,6.8950696
TYW5,15.58719,6.8950696
ZNF454,15.58719,6.8950696
GPBP1,15.58719,6.8950696
GRAMD2B,15.58719,6.8950696
DNTTIP2,15.58719,6.8950696
MRPS5,15.58719,6.8950696
ERF,15.58719,6.8950696
ZDHHC14,15.58719,6.8950696
FOXH1,15.58719,6.8950696
ECSIT,15.58719,6.8950696
MAPKAPK3,15.58719,6.8950696
MAST1,15.58719,6.8950696
DGUOK,15.58719,6.8950696
PARPBP,15.58719,6.8950696
COIL,15.58719,6.8950696
ZNF638,15.58719,6.8950696
TACC3,15.58719,6.8950696
ENTPD6,15.58719,6.8950696
EIF6,15.58719,6.8950696
NFE2L2,15.58719,6.8950696
C10orf90,15.58719,6.8950696
DOCK6,15.58719,6.8950696
PLD4,15.58719,6.8950696
SMARCE1,15.58719,6.8950696
CHST14,15.58719,6.8950696
SLC47A2,15.58719,6.8950696
PCBP4,15.58719,6.8950696
SPARCL1,15.58719,6.8950696
STKLD1,15.58719,6.8950696
ADSS,15.58719,6.8950696
LRRTM2,15.58719,6.8950696
FABP4,15.58719,6.8950696
IPPK,15.58719,6.8950696
MRS2,15.58719,6.8950696
SLC38A7,15.58719,6.8950696
MYO5A,15.58719,6.8950696
MRTFB,15.58719,6.8950696
ZBTB7A,15.58719,6.8950696
SMYD2,15.58719,6.8950696
GALNT2,15.58719,6.8950696
CLHC1,15.58719,6.8950696
SLC22A14,15.58719,6.8950696
ZNF821,15.58719,6.8950696
BBOX1,15.58719,6.8950696
PGAM5,15.58719,6.8950696
ZNF438,15.58719,6.8950696
DBF4B,15.58719,6.8950696
MRGPRX1,15.58719,6.8950696
CLTRN,15.58719,6.8950696
CHRFAM7A,15.58719,6.8950696
SDSL,15.58719,6.8950696
HJURP,15.58719,6.8950696
JPH3,15.58719,6.8950696
RXYLT1,15.58719,6.8950696
RTN1,15.58719,6.8950696
SLC35E2A,15.58719,6.8950696
CILP,15.58719,6.8950696
NDUFB2,15.58719,6.8950696
USP4,15.58719,6.8950696
BSDC1,15.58719,6.8950696
MEST,15.58719,6.8950696
AVPR1A,15.58719,6.8950696
DIP2A,15.58719,6.8950696
SLC4A9,15.58719,6.8950696
RRAGA,15.58719,6.8950696
BTBD17,15.58719,6.8950696
CCM2L,15.58719,6.8950696
THAP5,15.58719,6.8950696
DELE1,15.58719,6.8950696
BIRC3,15.58719,6.8950696
COCH,15.58719,6.8950696
RCOR3,15.58719,6.8950696
C7orf43,15.58719,6.8950696
HIST1H2AA,15.58719,6.8950696
ZNF229,15.58719,6.8950696
PGLYRP2,15.58719,6.8950696
NKAPL,15.58719,6.8950696
MTMR12,15.58719,6.8950696
BRD3,15.58719,6.8950696
GALNT3,15.58719,6.8950696
TIGD7,15.58719,6.8950696
SHE,15.58719,6.8950696
HAP1,15.58719,6.8950696
PHAX,15.58719,6.8950696
BZW1,15.58719,6.8950696
CDK15,15.58719,6.8950696
INAVA,15.58719,6.8950696
PTPRA,15.58719,6.8950696
PNP,15.58719,6.8950696
ANAPC2,15.58719,6.8950696
DMBX1,15.58719,6.8950696
SNRNP35,15.58719,6.8950696
GRIA1,15.58719,6.8950696
TSKS,15.58719,6.8950696
BCHE,15.58719,6.8950696
REM1,15.58719,6.8950696
MEMO1,15.58719,6.8950696
GPC1,15.58719,6.8950696
LILRB2,15.58719,6.8950696
ADGB,15.58719,6.8950696
ZNF107,15.58719,6.8950696
ZNF805,15.58719,6.8950696
DHX57,15.58719,6.8950696
DUOXA1,15.58719,6.8950696
NAXD,15.58719,6.8950696
ZNF143,15.58719,6.8950696
ANGPTL1,15.58719,6.8950696
PMEL,15.58719,6.8950696
PICALM,15.58719,6.8950696
CHRNA9,15.58719,6.8950696
E2F7,15.58719,6.8950696
TTYH2,15.58719,6.8950696
LGALS3,15.58719,6.8950696
FDX1,15.58719,6.8950696
CABP4,15.58719,6.8950696
SAP30,15.58719,6.8950696
FLRT2,15.58719,6.8950696
CRYBA4,15.58719,6.8950696
PLEK2,15.58719,6.8950696
OTOP2,15.58719,6.8950696
RGS1,15.58719,6.8950696
ALOX5AP,15.58719,6.8950696
APMAP,15.58719,6.8950696
LPXN,15.58719,6.8950696
PITPNA,15.58719,6.8950696
RGS14,15.58719,6.8950696
LRRC30,15.58719,6.8950696
CD6,15.58719,6.8950696
LRFN2,15.58719,6.8950696
ZAP70,15.58719,6.8950696
DOK1,15.58719,6.8950696
SMG9,15.58719,6.8950696
MCRS1,15.58719,6.8950696
TPI1,15.58719,6.8950696
SEC61A1,15.58719,6.8950696
BMP7,15.58719,6.8950696
ATP1B1,15.58719,6.8950696
KYAT3,15.58719,6.8950696
HID1,15.58719,6.8950696
XKRX,15.58719,6.8950696
PRELID3B,15.58719,6.8950696
PTGER4,15.58719,6.8950696
SF3B5,15.58719,6.8950696
ZFP2,15.58719,6.8950696
CD248,15.58719,6.8950696
ZNF251,15.58719,6.8950696
GAB3,15.58719,6.8950696
ARRDC2,15.58719,6.8950696
EIF2B1,15.58719,6.8950696
MVK,15.58719,6.8950696
CCDC144A,15.58719,6.8950696
KYNU,15.58719,6.8950696
ZNF605,15.58719,6.8950696
GPRC5B,15.58719,6.8950696
CBL,15.58719,6.8950696
TRIM24,15.58719,6.8950696
SERINC5,15.58719,6.8950696
CBX5,15.58719,6.8950696
FAU,15.58719,6.8950696
SLC39A12,15.58719,6.8950696
CNOT2,15.58719,6.8950696
SMCR8,15.58719,6.8950696
P2RX7,15.58719,6.8950696
POLI,15.58719,6.8950696
PTK2B,15.58719,6.8950696
IDI2,15.58719,6.8950696
LFNG,15.58719,6.8950696
ZNF687,15.58719,6.8950696
FCRL3,15.58719,6.8950696
FMN2,15.58719,6.8950696
CCS,15.58719,6.8950696
FAM111B,15.58719,6.8950696
HCRTR2,15.58719,6.8950696
PLA1A,15.58719,6.8950696
ZFPM1,15.58719,6.8950696
MFRP,15.58719,6.8950696
PCGF2,15.58719,6.8950696
LPGAT1,15.58719,6.8950696
LRRC19,15.58719,6.8950696
MTFMT,15.58719,6.8950696
ZNF366,15.58719,6.8950696
LHX2,15.58719,6.8950696
MAFB,15.58719,6.8950696
USF2,15.58719,6.8950696
ETFB,15.58719,6.8950696
RPL21,15.58719,6.8950696
TPPP,15.58719,6.8950696
DENR,15.58719,6.8950696
CELF2,15.58719,6.8950696
BLK,15.58719,6.8950696
POLR3D,15.58719,6.8950696
HIST2H3D,15.58719,6.8950696
NBPF3,15.58719,6.8950696
LEMD3,15.58719,6.8950696
DPP6,15.58719,6.8950696
MYCBP2,15.58719,6.8950696
LINGO3,15.58719,6.8950696
RUNDC1,15.58719,6.8950696
POU2AF1,15.58719,6.8950696
FAM169A,15.58719,6.8950696
GPSM1,15.58719,6.8950696
COPS8,15.58719,6.8950696
MPP6,15.58719,6.8950696
ARMC2,15.58719,6.8950696
KRT26,15.58719,6.8950696
MAP1S,15.58719,6.8950696
TINF2,15.58719,6.8950696
DCDC2,15.58719,6.8950696
CPNE3,15.58719,6.8950696
PGM2L1,15.58719,6.8950696
LBR,15.58719,6.8950696
GADD45B,15.58719,6.8950696
TMEM128,15.58719,6.8950696
PAXIP1,15.58719,6.8950696
COP1,15.58719,6.8950696
ENOSF1,15.58719,6.8950696
DNA2,15.58719,6.8950696
UBTD2,15.58719,6.8950696
TRAPPC6B,15.58719,6.8950696
CPE,15.58719,6.8950696
NFATC1,15.58719,6.8950696
ZNF234,15.58719,6.8950696
RNF25,15.58719,6.8950696
TMPRSS5,15.58719,6.8950696
CYBC1,15.58719,6.8950696
CDON,15.58719,6.8950696
KCNG3,15.58719,6.8950696
ECM2,15.58719,6.8950696
HIST1H4E,15.58719,6.8950696
PDHB,15.58719,6.8950696
SGK3,15.58719,6.8950696
CIB1,15.58719,6.8950696
CDK19,15.58719,6.8950696
EIF2AK2,15.58719,6.8950696
KIAA1522,15.58719,6.8950696
EEF1G,15.58719,6.8950696
DISP1,15.58719,6.8950696
ARL4A,15.58719,6.8950696
CCPG1,15.58719,6.8950696
RIF1,15.58719,6.8950696
NEUROD2,15.58719,6.8950696
CEP128,15.58719,6.8950696
WDR45,15.58719,6.8950696
BTBD10,15.58719,6.8950696
PRDX4,15.58719,6.8950696
FKBP14,15.58719,6.8950696
CHML,15.58719,6.8950696
ORMDL2,15.58719,6.8950696
UVSSA,15.58719,6.8950696
UBE2V1,15.58719,6.8950696
ZBTB20,15.58719,6.8950696
VEGFB,15.58719,6.8950696
OAF,15.58719,6.8950696
SETD2,15.58719,6.8950696
HSF1,15.58719,6.8950696
CRTC2,15.58719,6.8950696
RAD21L1,15.58719,6.8950696
MICU2,15.58719,6.8950696
MMP15,15.58719,6.8950696
CRYBG3,15.58719,6.8950696
HCAR2,15.58719,6.8950696
CHRNA2,15.58719,6.8950696
CCDC138,15.58719,6.8950696
NOBOX,15.58719,6.8950696
TBC1D23,15.58719,6.8950696
MRRF,15.58719,6.8950696
GALNT9,15.58719,6.8950696
SPOUT1,15.58719,6.8950696
HIST1H4J,15.58719,6.8950696
ATP8B1,15.58719,6.8950696
SLCO1B3,15.58719,6.8950696
DCDC1,15.58719,6.8950696
LPAR4,15.58719,6.8950696
CNDP1,15.58719,6.8950696
ARPC1A,15.58719,6.8950696
PTGR1,15.58719,6.8950696
SUCLG2,15.58719,6.8950696
FAM149A,15.58719,6.8950696
HSPA14,15.58719,6.8950696
CAMK2A,15.58719,6.8950696
WTIP,15.58719,6.8950696
HBB,15.58719,6.8950696
FGFRL1,15.58719,6.8950696
SCUBE2,15.58719,6.8950696
NFKBIL1,15.58719,6.8950696
FAM117B,15.58719,6.8950696
AFG1L,15.58719,6.8950696
LRRTM3,15.58719,6.8950696
SRP54,15.58719,6.8950696
CD53,15.58719,6.8950696
IGF2BP2,15.58719,6.8950696
MRPS22,15.58719,6.8950696
APOBEC2,15.58719,6.8950696
CASP8,15.58719,6.8950696
CAMLG,15.58719,6.8950696
AHRR,15.58719,6.8950696
KCNK6,15.58719,6.8950696
PRMT2,15.58719,6.8950696
CMKLR1,15.58719,6.8950696
CNPY2,15.58719,6.8950696
SHQ1,15.58719,6.8950696
FAM210A,15.58719,6.8950696
EIF5A,15.58719,6.8950696
AVL9,15.58719,6.8950696
PELI3,15.58719,6.8950696
SLC25A39,15.58719,6.8950696
ATP2B2,15.58719,6.8950696
CCDC73,15.58719,6.8950696
SH3BP1,15.58719,6.8950696
SCP2,15.58719,6.8950696
PERP,15.58719,6.8950696
CORO6,15.58719,6.8950696
SHD,15.58719,6.8950696
HDAC7,15.58719,6.8950696
HIST1H2AE,15.58719,6.8950696
TFAP4,15.58719,6.8950696
JDP2,15.58719,6.8950696
RELN,15.58719,6.8950696
SPRED3,15.58719,6.8950696
PRDM1,15.58719,6.8950696
POR,15.58719,6.8950696
ZNF99,15.58719,6.8950696
CHAF1A,15.58719,6.8950696
GEMIN8,15.58719,6.8950696
BANK1,15.58719,6.8950696
AP2S1,15.58719,6.8950696
CYP2D6,15.58719,6.8950696
CENPV,15.58719,6.8950696
MXD4,15.58719,6.8950696
CACFD1,15.58719,6.8950696
PITHD1,15.58719,6.8950696
H2AFV,15.58719,6.8950696
PRPF39,15.58719,6.8950696
SGSM3,15.58719,6.8950696
KLHL36,15.58719,6.8950696
ASNS,15.58719,6.8950696
INSYN1,15.58719,6.8950696
SOCS7,15.58719,6.8950696
SMEK2,15.58719,6.8950696
MBD6,15.58719,6.8950696
VWC2,15.58719,6.8950696
PNKP,15.58719,6.8950696
GGA3,15.58719,6.8950696
AKR1C2,15.58719,6.8950696
ENAM,15.58719,6.8950696
SCIN,15.58719,6.8950696
TTC31,15.58719,6.8950696
LRRC27,15.58719,6.8950696
DNAJB5,15.58719,6.8950696
TOB1,15.58719,6.8950696
USPL1,15.58719,6.8950696
NKAIN1,15.58719,6.8950696
ZNF326,15.58719,6.8950696
SCN2B,15.58719,6.8950696
AP1M1,15.58719,6.8950696
DTX4,15.58719,6.8950696
SYT3,15.58719,6.8950696
BMX,15.58719,6.8950696
HIST1H3B,15.58719,6.8950696
GPR21,15.58719,6.8950696
AP1S3,15.58719,6.8950696
FGB,15.58719,6.8950696
RAD51AP2,15.58719,6.8950696
RHPN1,15.58719,6.8950696
HIST1H4L,15.58719,6.8950696
CCNJL,15.58719,6.8950696
KCNMA1,15.58719,6.8950696
PIK3CA,15.58719,6.8950696
PIK3IP1,15.58719,6.8950696
HHIP,15.58719,6.8950696
CATSPER1,15.58719,6.8950696
UBC,15.58719,6.8950696
ADAM7,15.58719,6.8950696
LGSN,15.58719,6.8950696
OGFR,15.58719,6.8950696
BHLHA9,15.58719,6.8950696
AMER3,15.58719,6.8950696
POLR3F,15.58719,6.8950696
ATP23,15.58719,6.8950696
PRMT9,15.58719,6.8950696
SH3RF3,15.58719,6.8950696
TNRC6B,15.58719,6.8950696
TTC30A,15.58719,6.8950696
TLR10,15.58719,6.8950696
KCNH7,15.58719,6.8950696
PDF,15.58719,6.8950696
SNAP91,15.58719,6.8950696
RAP1A,15.58719,6.8950696
AKAP10,15.58719,6.8950696
CSNK1G3,15.58719,6.8950696
HCN2,15.58719,6.8950696
FSHR,15.58719,6.8950696
SPO11,15.58719,6.8950696
INSIG2,15.58719,6.8950696
COLEC10,15.58719,6.8950696
TSPAN17,15.58719,6.8950696
UBE2H,15.58719,6.8950696
IMPACT,15.58719,6.8950696
DLX4,15.58719,6.8950696
ELL2,15.58719,6.8950696
CEP85L,15.58719,6.8950696
SIX2,15.58719,6.8950696
EMC4,15.58719,6.8950696
GABRB2,15.58719,6.8950696
MAK,15.58719,6.8950696
TAOK2,15.58719,6.8950696
CRYGS,15.58719,6.8950696
DNASE1L3,15.58719,6.8950696
PDCD6,15.58719,6.8950696
ADA,15.58719,6.8950696
MTMR2,15.58719,6.8950696
GPR1,15.58719,6.8950696
LGALS8,15.58719,6.8950696
WDR20,15.58719,6.8950696
ALOXE3,15.58719,6.8950696
PRKRA,15.58719,6.8950696
AP4M1,15.58719,6.8950696
SRRM2,15.58719,6.8950696
UCKL1,15.58719,6.8950696
SCN3B,15.58719,6.8950696
PSMB10,15.58719,6.8950696
REEP5,15.58719,6.8950696
DYRK1B,15.58719,6.8950696
NXNL1,15.58719,6.8950696
ZNF790,15.58719,6.8950696
KCTD2,15.58719,6.8950696
ADCY9,15.58719,6.8950696
CLIP1,15.58719,6.8950696
HPF1,15.58719,6.8950696
TRIP11,15.58719,6.8950696
ADAMTS15,15.58719,6.8950696
DTWD1,15.58719,6.8950696
DCTN5,15.58719,6.8950696
SLCO3A1,15.58719,6.8950696
LARP4B,15.58719,6.8950696
DOC2B,15.58719,6.8950696
CD74,15.58719,6.8950696
KCNS3,15.58719,6.8950696
CCSER1,15.58719,6.8950696
TMEM169,15.58719,6.8950696
ORC3,15.58719,6.8950696
STMN2,15.58719,6.8950696
ITCH,15.58719,6.8950696
RTKN,15.58719,6.8950696
ZNF91,15.58719,6.8950696
CDC40,15.58719,6.8950696
CROCC2,15.58719,6.8950696
ZNF555,15.58719,6.8950696
PTPRR,15.58719,6.8950696
HMGB1,15.58719,6.8950696
C1orf127,15.58719,6.8950696
TPD52L1,15.58719,6.8950696
ZNF385D,15.58719,6.8950696
B4GALNT1,15.58719,6.8950696
HCN3,15.58719,6.8950696
NECTIN1,15.58719,6.8950696
SLC25A1,15.58719,6.8950696
CALM3,15.58719,6.8950696
NR0B2,15.58719,6.8950696
PNLIPRP1,15.58719,6.8950696
MAPK8IP2,15.58719,6.8950696
TNRC6A,15.58719,6.8950696
MPHOSPH8,15.58719,6.8950696
NAPRT,15.58719,6.8950696
HUNK,15.58719,6.8950696
MRPL19,15.58719,6.8950696
COX11,15.58719,6.8950696
KCNN4,15.58719,6.8950696
RNF152,15.58719,6.8950696
DUT,15.58719,6.8950696
SLC22A7,15.58719,6.8950696
DDAH2,15.58719,6.8950696
FNBP1,15.58719,6.8950696
SLC4A5,15.58719,6.8950696
RNF38,15.58719,6.8950696
PEMT,15.58719,6.8950696
SCRIB,15.58719,6.8950696
TTC1,15.58719,6.8950696
TFAP2C,15.58719,6.8950696
TBX21,15.58719,6.8950696
FGF6,15.58719,6.8950696
NOL4L,15.58719,6.8950696
C10orf12,15.58719,6.8950696
LIN7A,15.58719,6.8950696
ZBTB21,15.58719,6.8950696
FMNL3,15.58719,6.8950696
HMCN2,15.58719,6.8950696
ZP4,15.58719,6.8950696
PHACTR1,15.58719,6.8950696
CCNB1,15.58719,6.8950696
SLC51A,15.58719,6.8950696
RIN2,15.58719,6.8950696
CDC23,15.58719,6.8950696
ELAVL3,15.58719,6.8950696
TMEM260,15.58719,6.8950696
RGSL1,15.58719,6.8950696
LMO3,15.58719,6.8950696
ASCL2,15.58719,6.8950696
C1QL4,15.58719,6.8950696
FAXC,15.58719,6.8950696
PLAUR,15.58719,6.8950696
C1R,15.58719,6.8950696
SAMD11,15.58719,6.8950696
MAATS1,15.58719,6.8950696
FXN,15.58719,6.8950696
RBM38,15.58719,6.8950696
LRRIQ4,15.58719,6.8950696
SENP2,15.58719,6.8950696
ARHGAP22,15.58719,6.8950696
TOR1B,15.58719,6.8950696
FAAH,15.58719,6.8950696
ZNF560,15.58719,6.8950696
INTS14,15.58719,6.8950696
PXN,15.58719,6.8950696
TGM3,15.58719,6.8950696
PSMA1,15.58719,6.8950696
AFF3,15.58719,6.8950696
SRSF11,15.58719,6.8950696
RNF128,15.58719,6.8950696
PDE11A,15.58719,6.8950696
PLPPR4,15.58719,6.8950696
PLPBP,15.58719,6.8950696
HIST1H2AD,15.58719,6.8950696
ADIPOQ,15.58719,6.8950696
RSPH4A,15.58719,6.8950696
ABHD17C,15.58719,6.8950696
GABRA4,15.58719,6.8950696
YY1,15.58719,6.8950696
XYLB,15.58719,6.8950696
PTDSS2,15.58719,6.8950696
UTP6,15.58719,6.8950696
PDE4DIP,15.58719,6.8950696
ARL5B,15.58719,6.8950696
EPB41L4B,15.58719,6.8950696
SNAP29,15.58719,6.8950696
CHRNA7,15.58719,6.8950696
STC1,15.58719,6.8950696
IZUMO1,15.58719,6.8950696
CLRN1,15.58719,6.8950696
ADAD2,15.58719,6.8950696
CLEC14A,15.58719,6.8950696
KCND2,15.58719,6.8950696
PLCB1,15.58719,6.8950696
CPSF7,15.58719,6.8950696
ZNF226,15.58719,6.8950696
KPNA5,15.58719,6.8950696
VWC2L,15.58719,6.8950696
TNFAIP3,15.58719,6.8950696
PAF1,15.58719,6.8950696
SGPP2,15.58719,6.8950696
C1QTNF8,15.58719,6.8950696
CDK7,15.58719,6.8950696
FCHO2,15.58719,6.8950696
ATP6V1H,15.58719,6.8950696
GRTP1,15.58719,6.8950696
PCTP,15.58719,6.8950696
FOXN4,15.58719,6.8950696
USP45,15.58719,6.8950696
ACSM3,15.58719,6.8950696
PTGS1,15.58719,6.8950696
RAB14,15.58719,6.8950696
SPRED2,15.58719,6.8950696
AJUBA,15.58719,6.8950696
SGK1,15.58719,6.8950696
RECQL,15.58719,6.8950696
ASNA1,15.58719,6.8950696
RNF5,15.58719,6.8950696
TLE4,15.58719,6.8950696
MAD1L1,15.58719,6.8950696
CDX2,15.58719,6.8950696
NHLRC2,15.58719,6.8950696
SP140,15.58719,6.8950696
TMEM33,15.58719,6.8950696
DCLK1,15.58719,6.8950696
MOGAT3,15.58719,6.8950696
THAP2,15.58719,6.8950696
KDM1A,15.58719,6.8950696
LGR5,15.58719,6.8950696
LZTS1,15.58719,6.8950696
MAPK15,15.58719,6.8950696
PSMA8,15.58719,6.8950696
DVL3,15.58719,6.8950696
ACER2,15.58719,6.8950696
GRIK3,15.58719,6.8950696
SIPA1,15.58719,6.8950696
NTN3,15.58719,6.8950696
KLF6,15.58719,6.8950696
MRAS,15.58719,6.8950696
KMT2E,15.58719,6.8950696
PBX4,15.58719,6.8950696
PRDM6,15.58719,6.8950696
NRROS,15.58719,6.8950696
GIGYF2,15.58719,6.8950696
WRAP53,15.58719,6.8950696
BCAN,15.58719,6.8950696
AKT1,15.58719,6.8950696
CRLS1,15.58719,6.8950696
ALDH3A2,15.58719,6.8950696
MARCH8,15.58719,6.8950696
KCTD19,15.58719,6.8950696
NUDCD3,15.58719,6.8950696
DNAJC2,15.58719,6.8950696
PGAP3,15.58719,6.8950696
REPIN1,15.58719,6.8950696
SYTL3,15.58719,6.8950696
FAM81B,15.58719,6.8950696
LLGL2,15.58719,6.8950696
STAU1,15.58719,6.8950696
GLYR1,15.58719,6.8950696
WDR88,15.58719,6.8950696
KLHL14,15.58719,6.8950696
RCBTB1,15.58719,6.8950696
ZC3H11A,15.58719,6.8950696
TRPC1,15.58719,6.8950696
GSC2,15.58719,6.8950696
MLXIP,15.58719,6.8950696
IL7R,15.58719,6.8950696
AGGF1,15.58719,6.8950696
C3,15.58719,6.8950696
GSK3B,15.58719,6.8950696
SALL3,15.58719,6.8950696
GRB7,15.58719,6.8950696
OPRD1,15.58719,6.8950696
CAPN8,15.58719,6.8950696
PSMC4,15.58719,6.8950696
L3MBTL3,15.58719,6.8950696
ALDH2,15.58719,6.8950696
HEPACAM,15.58719,6.8950696
SUFU,15.58719,6.8950696
ZNHIT6,15.58719,6.8950696
PCDHA6,15.58719,6.8950696
RAB2B,15.58719,6.8950696
SGTA,15.58719,6.8950696
CKAP4,15.58719,6.8950696
CDC42,15.58719,6.8950696
PTCH1,15.58719,6.8950696
COPS7B,15.58719,6.8950696
GPN2,15.58719,6.8950696
ATF1,15.58719,6.8950696
RAN,15.58719,6.8950696
DDX43,15.58719,6.8950696
IWS1,15.58719,6.8950696
PRRG2,15.58719,6.8950696
RALA,15.58719,6.8950696
CAPN13,15.58719,6.8950696
PLEKHM1,15.58719,6.8950696
PPP4R4,15.58719,6.8950696
NR2F6,15.58719,6.8950696
ATIC,15.58719,6.8950696
CLPX,15.58719,6.8950696
USHBP1,15.58719,6.8950696
CDKL3,15.58719,6.8950696
ADAM8,15.58719,6.8950696
CHM,15.58719,6.8950696
TRA2A,15.58719,6.8950696
ICE2,15.58719,6.8950696
EIF4E,15.58719,6.8950696
SERPINA9,15.58719,6.8950696
HSP90AB1,15.58719,6.8950696
SCN7A,15.58719,6.8950696
JKAMP,15.58719,6.8950696
LEO1,15.58719,6.8950696
ACOX2,15.58719,6.8950696
HECW2,15.58719,6.8950696
MAPK9,15.58719,6.8950696
PINK1,15.58719,6.8950696
COL28A1,15.58719,6.8950696
CD79A,15.58719,6.8950696
TRMT61A,15.58719,6.8950696
SCAF1,15.58719,6.8950696
C4orf54,15.58719,6.8950696
MTSS1L,15.58719,6.8950696
ASAH2,15.58719,6.8950696
COX15,15.58719,6.8950696
TRAPPC11,15.58719,6.8950696
HAND1,15.58719,6.8950696
ZNF853,15.58719,6.8950696
ANKRD1,15.58719,6.8950696
RGMA,15.58719,6.8950696
SH2B1,15.58719,6.8950696
SERPINB4,15.58719,6.8950696
HSPB6,15.58719,6.8950696
CD81,15.58719,6.8950696
BAAT,15.58719,6.8950696
SLC7A7,15.58719,6.8950696
EDC3,15.58719,6.8950696
MYOC,15.58719,6.8950696
VPS26A,15.58719,6.8950696
MIEF1,15.58719,6.8950696
VEGFC,15.58719,6.8950696
OPRL1,15.58719,6.8950696
SPPL3,15.58719,6.8950696
P4HA2,15.58719,6.8950696
KDM4B,15.58719,6.8950696
KCNAB3,15.58719,6.8950696
DNMT3L,15.58719,6.8950696
BTBD6,15.58719,6.8950696
MPP5,15.58719,6.8950696
B4GALT7,15.58719,6.8950696
CLDN1,15.58719,6.8950696
TRMT1L,15.58719,6.8950696
ASPHD2,15.58719,6.8950696
FBXL2,15.58719,6.8950696
BCAT1,15.58719,6.8950696
FAM45A,15.58719,6.8950696
LRRCC1,15.58719,6.8950696
SF3B1,15.58719,6.8950696
FGF2,15.58719,6.8950696
SLC6A7,15.58719,6.8950696
KIF5C,15.58719,6.8950696
ATP8B3,15.58719,6.8950696
NMT1,15.58719,6.8950696
SCD5,15.58719,6.8950696
PLA2G7,15.58719,6.8950696
RAB32,15.58719,6.8950696
TECR,15.58719,6.8950696
CEPT1,15.58719,6.8950696
CCSER2,15.58719,6.8950696
RALB,15.58719,6.8950696
PPM1D,15.58719,6.8950696
ARID5A,15.58719,6.8950696
SRP68,15.58719,6.8950696
RBM12,15.58719,6.8950696
SPON2,15.58719,6.8950696
SH3D19,15.58719,6.8950696
CHRNG,15.58719,6.8950696
COMTD1,15.58719,6.8950696
ME3,15.58719,6.8950696
DGCR8,15.58719,6.8950696
HSPD1,15.58719,6.8950696
RAD23B,15.58719,6.8950696
STK16,15.58719,6.8950696
IL10RA,15.58719,6.8950696
ZC2HC1C,15.58719,6.8950696
DUS3L,15.58719,6.8950696
NME6,15.58719,6.8950696
HS3ST3A1,15.58719,6.8950696
PIM1,15.58719,6.8950696
LONP1,15.58719,6.8950696
CA5A,15.58719,6.8950696
PEX2,15.58719,6.8950696
SH3YL1,15.58719,6.8950696
LRRC70,15.58719,6.8950696
KIF21A,15.58719,6.8950696
ASZ1,15.58719,6.8950696
ZNF583,15.58719,6.8950696
DCAF1,15.58719,6.8950696
TBCC,15.58719,6.8950696
ANKRD13A,15.58719,6.8950696
INHA,15.58719,6.8950696
RBBP8,15.58719,6.8950696
CDH7,15.58719,6.8950696
LNX2,15.58719,6.8950696
CNKSR1,15.58719,6.8950696
ME2,15.58719,6.8950696
SLC27A3,15.58719,6.8950696
RMND5A,15.58719,6.8950696
PLEKHF1,15.58719,6.8950696
GLIS3,15.58719,6.8950696
AGPAT4,15.58719,6.8950696
FBXO42,15.58719,6.8950696
DGKE,15.58719,6.8950696
CA12,15.58719,6.8950696
C9orf3,15.58719,6.8950696
RBM48,15.58719,6.8950696
ESCO1,15.58719,6.8950696
SPOCK3,15.58719,6.8950696
DXO,15.58719,6.8950696
PPP1R3A,15.58719,6.8950696
MROH8,15.58719,6.8950696
CTSV,15.58719,6.8950696
ENDOG,15.58719,6.8950696
TSSK2,15.58719,6.8950696
PM20D1,15.58719,6.8950696
THRB,15.58719,6.8950696
ARHGAP30,15.58719,6.8950696
BEGAIN,15.58719,6.8950696
NEDD9,15.58719,6.8950696
RHOB,15.58719,6.8950696
ECE1,15.58719,6.8950696
ERP44,15.58719,6.8950696
REXO1,15.58719,6.8950696
PDSS2,15.58719,6.8950696
ANOS1,15.58719,6.8950696
SEC62,15.58719,6.8950696
PEPD,15.58719,6.8950696
MRVI1,15.58719,6.8950696
RAB11FIP2,15.58719,6.8950696
FKBPL,15.58719,6.8950696
FOXO3,15.58719,6.8950696
E2F2,15.58719,6.8950696
ARHGAP20,15.58719,6.8950696
ACD,15.58719,6.8950696
BEST3,15.58719,6.8950696
SYDE1,15.58719,6.8950696
PSMD3,15.58719,6.8950696
SLC22A11,15.58719,6.8950696
NT5C3A,15.58719,6.8950696
LIPT2,15.58719,6.8950696
TANGO2,15.58719,6.8950696
SCO2,15.58719,6.8950696
NAPB,15.58719,6.8950696
TRAPPC13,15.58719,6.8950696
SUPV3L1,15.58719,6.8950696
SPR,15.58719,6.8950696
HEATR1,15.58719,6.8950696
YWHAG,15.58719,6.8950696
JAKMIP1,15.58719,6.8950696
NOP53,15.58719,6.8950696
MTAP,15.58719,6.8950696
ALDH6A1,15.58719,6.8950696
CSNK2A1,15.58719,6.8950696
SIRT6,15.58719,6.8950696
NLGN2,15.58719,6.8950696
MMP8,15.58719,6.8950696
MORC1,15.58719,6.8950696
PRKACB,15.58719,6.8950696
DRD1,15.58719,6.8950696
AGMO,15.58719,6.8950696
CCAR2,15.58719,6.8950696
LMBRD2,15.58719,6.8950696
FBXW10,15.58719,6.8950696
CFAP298,15.58719,6.8950696
IST1,15.58719,6.8950696
DARS,15.58719,6.8950696
PDS5A,15.58719,6.8950696
BCAR1,15.58719,6.8950696
MSX2,15.58719,6.8950696
ETS2,15.58719,6.8950696
ESS2,15.58719,6.8950696
OGA,15.58719,6.8950696
OTOP1,15.58719,6.8950696
GGT1,15.58719,6.8950696
LPAR2,15.58719,6.8950696
MAU2,15.58719,6.8950696
DUSP27,15.58719,6.8950696
UGT2B15,15.58719,6.8950696
ZBTB7C,15.58719,6.8950696
EPHA10,15.58719,6.8950696
STARD7,15.58719,6.8950696
PQLC1,15.58719,6.8950696
MLX,15.58719,6.8950696
FST,15.58719,6.8950696
TPST1,15.58719,6.8950696
ZKSCAN1,15.58719,6.8950696
CHRND,15.58719,6.8950696
KBTBD2,15.58719,6.8950696
PLPPR1,15.58719,6.8950696
TXNRD1,15.58719,6.8950696
ARID5B,15.58719,6.8950696
PKDCC,15.58719,6.8950696
RDH16,15.58719,6.8950696
MORC4,15.58719,6.8950696
C16orf72,15.58719,6.8950696
MLEC,15.58719,6.8950696
FGL1,15.58719,6.8950696
TRIM5,15.58719,6.8950696
NPAT,15.58719,6.8950696
SPSB1,15.58719,6.8950696
OVCH1,15.58719,6.8950696
GLCCI1,15.58719,6.8950696
CLCA2,15.58719,6.8950696
CAPN14,15.58719,6.8950696
TUBGCP4,15.58719,6.8950696
CDHR3,15.58719,6.8950696
LSAMP,15.58719,6.8950696
SLC6A2,15.58719,6.8950696
EFTUD2,15.58719,6.8950696
NFIB,15.58719,6.8950696
ZBTB2,15.58719,6.8950696
VEZF1,15.58719,6.8950696
GIPC3,15.58719,6.8950696
SSTR3,15.58719,6.8950696
FAM117A,15.58719,6.8950696
ETHE1,15.58719,6.8950696
CPT1B,15.58719,6.8950696
ZNF618,15.58719,6.8950696
PREP,15.58719,6.8950696
RND2,15.58719,6.8950696
BMP3,15.58719,6.8950696
BRINP3,15.58719,6.8950696
MED25,15.58719,6.8950696
SGCG,15.58719,6.8950696
TMEM266,15.58719,6.8950696
MYRFL,15.58719,6.8950696
CPA1,15.58719,6.8950696
RORC,15.58719,6.8950696
NIPAL2,15.58719,6.8950696
PWWP2B,15.58719,6.8950696
ATP6V1C1,15.58719,6.8950696
ITGB3,15.58719,6.8950696
TECTB,15.58719,6.8950696
CACNA1H,15.58719,6.8950696
PDIA6,15.58719,6.8950696
PCDHGA6,15.58719,6.8950696
CDK16,15.58719,6.8950696
PTPN11,15.58719,6.8950696
PCDHA13,15.58719,6.8950696
IMMT,15.58719,6.8950696
SEC24C,15.58719,6.8950696
CEP295,15.58719,6.8950696
CEP41,15.58719,6.8950696
PFKFB2,15.58719,6.8950696
AK8,15.58719,6.8950696
HNRNPK,15.58719,6.8950696
CFI,15.58719,6.8950696
TWF1,15.58719,6.8950696
GOLGA6L2,15.58719,6.8950696
LRIT3,15.58719,6.8950696
CKM,15.58719,6.8950696
HIBCH,15.58719,6.8950696
SEPT7,15.58719,6.8950696
NKIRAS2,15.58719,6.8950696
PIGG,15.58719,6.8950696
PLA2G4F,15.58719,6.8950696
ANKMY1,15.58719,6.8950696
BCL9,15.58719,6.8950696
KIF1BP,15.58719,6.8950696
ONECUT1,15.58719,6.8950696
CA14,15.58719,6.8950696
GATA4,15.58719,6.8950696
SYT2,15.58719,6.8950696
PAX2,15.58719,6.8950696
ATP2A1,15.58719,6.8950696
PRDM14,15.58719,6.8950696
SMARCD1,15.58719,6.8950696
TET2,15.58719,6.8950696
CUL4B,15.58719,6.8950696
CAMK1D,15.58719,6.8950696
AARSD1,15.58719,6.8950696
MX1,15.58719,6.8950696
TRIM27,15.58719,6.8950696
AGPAT2,15.58719,6.8950696
ATP1A3,15.58719,6.8950696
REEP4,15.58719,6.8950696
ATG9A,15.58719,6.8950696
TSPAN5,15.58719,6.8950696
PDGFD,15.58719,6.8950696
SLC26A4,15.58719,6.8950696
EFR3B,15.58719,6.8950696
HEYL,15.58719,6.8950696
ZNF423,15.58719,6.8950696
PUS1,15.58719,6.8950696
BPNT1,15.58719,6.8950696
SEMA6A,15.58719,6.8950696
OFD1,15.58719,6.8950696
VILL,15.58719,6.8950696
ADAM18,15.58719,6.8950696
VPS8,15.58719,6.8950696
SLC25A26,15.58719,6.8950696
PDE4C,15.58719,6.8950696
SRGAP3,15.58719,6.8950696
CUL1,15.58719,6.8950696
ARHGAP26,15.58719,6.8950696
EPOR,15.58719,6.8950696
ZBTB39,15.58719,6.8950696
ARNTL,15.58719,6.8950696
WDFY1,15.58719,6.8950696
NFKB1,15.58719,6.8950696
PAX8,15.58719,6.8950696
SDR39U1,15.58719,6.8950696
RAB11FIP5,15.58719,6.8950696
DNAJC10,15.58719,6.8950696
TSPAN14,15.58719,6.8950696
CMTR2,15.58719,6.8950696
PSMC2,15.58719,6.8950696
GALNS,15.58719,6.8950696
ACVR1B,15.58719,6.8950696
CADM1,15.58719,6.8950696
MMADHC,15.58719,6.8950696
GALNT5,15.58719,6.8950696
EXD1,15.58719,6.8950696
EPHX1,15.58719,6.8950696
PLEKHA1,15.58719,6.8950696
TRIB2,15.58719,6.8950696
TLR2,15.58719,6.8950696
CLDN19,15.58719,6.8950696
HSP90AA1,15.58719,6.8950696
ZC3H18,15.58719,6.8950696
NR1H3,15.58719,6.8950696
RUNX2,15.58719,6.8950696
NHLRC1,15.58719,6.8950696
CDK9,15.58719,6.8950696
MTCH1,15.58719,6.8950696
COG5,15.58719,6.8950696
MAK16,15.58719,6.8950696
TRPV5,15.58719,6.8950696
CORO1A,15.58719,6.8950696
MAB21L1,15.58719,6.8950696
MSANTD2,15.58719,6.8950696
ZNRF3,15.58719,6.8950696
RHBDL3,15.58719,6.8950696
IFT80,15.58719,6.8950696
CDKL5,15.58719,6.8950696
CTPS1,15.58719,6.8950696
GDF10,15.58719,6.8950696
CC2D1A,15.58719,6.8950696
RBM19,15.58719,6.8950696
C16orf70,15.58719,6.8950696
UBA7,15.58719,6.8950696
DSG3,15.58719,6.8950696
CHST2,15.58719,6.8950696
POU6F1,15.58719,6.8950696
RACGAP1,15.58719,6.8950696
SERPINE2,15.58719,6.8950696
CEP131,15.58719,6.8950696
TRIM55,15.58719,6.8950696
MYH14,15.58719,6.8950696
STK40,15.58719,6.8950696
OTOL1,15.58719,6.8950696
ZNF224,15.58719,6.8950696
SH3GL1,15.58719,6.8950696
FAM214B,15.58719,6.8950696
NEXMIF,15.58719,6.8950696
NCBP1,15.58719,6.8950696
ASB15,15.58719,6.8950696
CDT1,15.58719,6.8950696
PCDHGA11,15.58719,6.8950696
TBX10,15.58719,6.8950696
SEMA5B,15.58719,6.8950696
SMOC2,15.58719,6.8950696
IQCC,15.58719,6.8950696
IFT88,15.58719,6.8950696
ONECUT2,15.58719,6.8950696
ANGPTL7,15.58719,6.8950696
UPF1,15.58719,6.8950696
POFUT2,15.58719,6.8950696
AHR,15.58719,6.8950696
FBXW11,15.58719,6.8950696
RFC5,15.58719,6.8950696
FLVCR1,15.58719,6.8950696
AGBL2,15.58719,6.8950696
ST13,15.58719,6.8950696
KIAA0930,15.58719,6.8950696
FILIP1L,15.58719,6.8950696
SLC26A7,15.58719,6.8950696
TM7SF3,15.58719,6.8950696
SLC6A5,15.58719,6.8950696
CEP162,15.58719,6.8950696
FOXO1,15.58719,6.8950696
SHCBP1,15.58719,6.8950696
ZNF596,15.58719,6.8950696
CA10,15.58719,6.8950696
HMGCS2,15.58719,6.8950696
KLHDC3,15.58719,6.8950696
GNB4,15.58719,6.8950696
ZNF879,15.58719,6.8950696
TTC34,15.58719,6.8950696
CRYBB3,15.58719,6.8950696
SLC25A15,15.58719,6.8950696
NPL,15.58719,6.8950696
KIAA1107,15.58719,6.8950696
RCCD1,15.58719,6.8950696
PPP2R1A,15.58719,6.8950696
GNB1,15.58719,6.8950696
INPP5B,15.58719,6.8950696
CNOT11,15.58719,6.8950696
MAN1B1,15.58719,6.8950696
ASXL2,15.58719,6.8950696
LIFR,15.58719,6.8950696
WDR34,15.58719,6.8950696
ADAM23,15.58719,6.8950696
LMNB1,15.58719,6.8950696
ZEB1,15.58719,6.8950696
R3HDM2,15.58719,6.8950696
PYROXD1,15.58719,6.8950696
NCK2,15.58719,6.8950696
FAM129B,15.58719,6.8950696
AASDH,15.58719,6.8950696
SIRT5,15.58719,6.8950696
ZBTB37,15.58719,6.8950696
MORC3,15.58719,6.8950696
SMARCD2,15.58719,6.8950696
XPC,15.58719,6.8950696
ACSS2,15.58719,6.8950696
GPHN,15.58719,6.8950696
CDK5R1,15.58719,6.8950696
HS3ST1,15.58719,6.8950696
CTNNA3,15.58719,6.8950696
RP1L1,15.58719,6.8950696
HEY1,15.58719,6.8950696
AFAP1L1,15.58719,6.8950696
PRNP,15.58719,6.8950696
HADH,15.58719,6.8950696
ZC3H3,15.58719,6.8950696
STK38L,15.58719,6.8950696
SLC25A38,15.58719,6.8950696
TIMP3,15.58719,6.8950696
KCNJ15,15.58719,6.8950696
ADAM33,15.58719,6.8950696
DSC1,15.58719,6.8950696
NUDCD1,15.58719,6.8950696
TOP2B,15.58719,6.8950696
SGCD,15.58719,6.8950696
DTX1,15.58719,6.8950696
ISM2,15.58719,6.8950696
RUBCN,15.58719,6.8950696
UBE3C,15.58719,6.8950696
KCTD9,15.58719,6.8950696
VCPIP1,15.58719,6.8950696
HMGCL,15.58719,6.8950696
AGPS,15.58719,6.8950696
ANKFN1,15.58719,6.8950696
SLC7A5,15.58719,6.8950696
NPAS1,15.58719,6.8950696
NDUFV1,15.58719,6.8950696
EXOC6,15.58719,6.8950696
TEKT3,15.58719,6.8950696
AP4E1,15.58719,6.8950696
CHST9,15.58719,6.8950696
GMIP,15.58719,6.8950696
MYO1D,15.58719,6.8950696
RAF1,15.58719,6.8950696
CORO1B,15.58719,6.8950696
NDRG4,15.58719,6.8950696
ARHGEF37,15.58719,6.8950696
RDH8,15.58719,6.8950696
EXOC7,15.58719,6.8950696
TRAF2,15.58719,6.8950696
PKD2L1,15.58719,6.8950696
PDIA4,15.58719,6.8950696
ATG4B,15.58719,6.8950696
WISP1,15.58719,6.8950696
DNAJA2,15.58719,6.8950696
TTK,15.58719,6.8950696
KHK,15.58719,6.8950696
ZNF608,15.58719,6.8950696
PLEKHA8,15.58719,6.8950696
TRAM2,15.58719,6.8950696
DPP3,15.58719,6.8950696
ZNF667,15.58719,6.8950696
APBB3,15.58719,6.8950696
RFX7,15.58719,6.8950696
BRSK1,15.58719,6.8950696
HOMER2,15.58719,6.8950696
DPP4,15.58719,6.8950696
DLX3,15.58719,6.8950696
GATA2,15.58719,6.8950696
UNC80,15.58719,6.8950696
HNRNPA3,15.58719,6.8950696
MAP2K5,15.58719,6.8950696
OTOP3,15.58719,6.8950696
C20orf194,15.58719,6.8950696
EPS15L1,15.58719,6.8950696
ADAMTSL5,15.58719,6.8950696
PLCD4,15.58719,6.8950696
TKFC,15.58719,6.8950696
CERK,15.58719,6.8950696
WNT16,15.58719,6.8950696
NTN1,15.58719,6.8950696
RCC2,15.58719,6.8950696
WDR27,15.58719,6.8950696
RARA,15.58719,6.8950696
PUM1,15.58719,6.8950696
AR,15.58719,6.8950696
TTLL1,15.58719,6.8950696
MRPL2,15.58719,6.8950696
CSNK2A2,15.58719,6.8950696
ECT2,15.58719,6.8950696
LDLRAD3,15.58719,6.8950696
MMP25,15.58719,6.8950696
CHD3,15.58719,6.8950696
MYO19,15.58719,6.8950696
ITFG2,15.58719,6.8950696
TMTC2,15.58719,6.8950696
PDK2,15.58719,6.8950696
AGPAT5,15.58719,6.8950696
SLC22A8,15.58719,6.8950696
IRF1,15.58719,6.8950696
PHF21B,15.58719,6.8950696
TMEM201,15.58719,6.8950696
SIPA1L2,15.58719,6.8950696
GHDC,15.58719,6.8950696
LAMB1,15.58719,6.8950696
DLGAP4,15.58719,6.8950696
TRIM23,15.58719,6.8950696
HNRNPR,15.58719,6.8950696
AMHR2,15.58719,6.8950696
PKNOX2,15.58719,6.8950696
WDHD1,15.58719,6.8950696
RASSF8,15.58719,6.8950696
IGF2R,15.58719,6.8950696
TRIT1,15.58719,6.8950696
HOXD9,15.58719,6.8950696
PPP4R3A,15.58719,6.8950696
OPTN,15.58719,6.8950696
GPCPD1,15.58719,6.8950696
LDB2,15.58719,6.8950696
C2,15.58719,6.8950696
ACY1,15.58719,6.8950696
SLC6A19,15.58719,6.8950696
SH3KBP1,15.58719,6.8950696
LRP6,15.58719,6.8950696
MFSD10,15.58719,6.8950696
EFNB3,15.58719,6.8950696
RRBP1,15.58719,6.8950696
LVRN,15.58719,6.8950696
CDC73,15.58719,6.8950696
TAPT1,15.58719,6.8950696
KDM3B,15.58719,6.8950696
IQUB,15.58719,6.8950696
ACO2,15.58719,6.8950696
FAM91A1,15.58719,6.8950696
VPS39,15.58719,6.8950696
LINGO2,15.58719,6.8950696
AGO3,15.58719,6.8950696
SEC14L1,15.58719,6.8950696
KIF2C,15.58719,6.8950696
PTDSS1,15.58719,6.8950696
KIF3C,15.58719,6.8950696
TUT1,15.58719,6.8950696
PRKAR2A,15.58719,6.8950696
GDAP2,15.58719,6.8950696
PAXIP1-AS2,15.58719,6.8950696
PPIAL4G,15.58719,6.8950696
PRAMEF8,15.58719,6.8950696
GAGE13,15.58719,6.8950696
SPDYE2B,15.58719,6.8950696
DEFB105A,15.58719,6.8950696
PABPC1L2B,15.58719,6.8950696
DEFB106B,15.58719,6.8950696
RIMBP3C,15.58719,6.8950696
DMRTC1B,15.58719,6.8950696
SSX2,15.58719,6.8950696
GAGE2E,15.58719,6.8950696
DEFB104B,15.58719,6.8950696
CFC1B,15.58719,6.8950696
SLX1B,15.58719,6.8950696
DEFB106A,15.58719,6.8950696
GATD3A,15.58719,6.8950696
PPP3CA,15.58719,6.8950696
PNMA6A,15.58719,6.8950696
CT45A3,15.58719,6.8950696
PABPC1L2A,15.58719,6.8950696
EIF3CL,15.58719,6.8950696
GOLGA5,15.58719,6.8950696
NPIPA8,15.58719,6.8950696
UBE2Q2L,15.58719,6.8950696
U2AF1,15.58719,6.8950696
DEFB104A,15.58719,6.8950696
DEFB4B,15.58719,6.8950696
MRPL23,15.58719,6.8950696
AL627171.2,15.58719,6.8950696
F8A1,15.58719,6.8950696
NPIPA2,15.58719,6.8950696
SQSTM1,15.58719,6.8950696
GRID2IP,15.58719,6.8950696
SSX4B,15.58719,6.8950696
SPANXA2,15.58719,6.8950696
BHLHE22,15.58719,6.8950696
SIK1,15.58719,6.8950696
VARS,15.58719,6.8950696
ADCY3,15.58719,6.8950696
CT47A6,15.58719,6.8950696
HDAC5,15.58719,6.8950696
PKNOX1,15.58719,6.8950696
AMY1B,15.58719,6.8950696
CT45A6,15.58719,6.8950696
RIMBP3B,15.58719,6.8950696
ZNF705D,15.58719,6.8950696
PRODH,15.58719,6.8950696
PRCP,15.58719,6.8950696
RP11-849H4.2,15.58719,6.8950696
AL603965.1,15.58719,6.8950696
GOLGA6L4,15.58719,6.8950696
UBAP2,15.58719,6.8950696
HOGA1,15.58719,6.8950696
CPA6,15.58719,6.8950696
TBC1D3C,15.58719,6.8950696
AC010441.1,15.58719,6.8950696
GSTT2,15.58719,6.8950696
PRAMEF11,15.58719,6.8950696
DMRTC1,15.58719,6.8950696
CEBPZOS,15.58719,6.8950696
PWP2,15.58719,6.8950696
ST3GAL3,15.58719,6.8950696
AP002956.1,15.58719,6.8950696
GAGE12H,15.58719,6.8950696
TBX22,15.58719,6.8950696
MTRNR2L5,15.58719,6.8950696
ARL17A,15.58719,6.8950696
RP11-279O9.4,15.58719,6.8950696
DPH1,15.58719,6.8950696
AC073569.1,15.58719,6.8950696
PRPF40A,15.58719,6.8950696
AL162424.1,15.58719,6.8950696
C16orf47,15.58719,6.8950696
AL591684.1,15.58719,6.8950696
NOTCH2NL,15.58719,6.8950696
AC020922.1,15.58719,6.8950696
MIRLET7BHG,15.58719,6.8950696
RP11-131H24.4,15.58719,6.8950696
SPATA31A7,15.58719,6.8950696
ZNF595,15.58719,6.8950696
RGPD5,15.58719,6.8950696
H2AFB1,15.58719,6.8950696
CRYAA,15.58719,6.8950696
AC137932.1,15.58719,6.8950696
ARVCF,15.58719,6.8950696
ME1,15.58719,6.8950696
UBAP2L,15.58719,6.8950696
DNAH10OS,15.58719,6.8950696
SULT1A4,15.58719,6.8950696
ELOA3,15.58719,6.8950696
NBPF9,15.58719,6.8950696
FLJ20306,15.58719,6.8950696
AC009802.1,15.58719,6.8950696
STRIP1,15.58719,6.8950696
HSFX2,15.58719,6.8950696
NPIPB3,15.58719,6.8950696
IRAK2,15.58719,6.8950696
NCAPH,15.58719,6.8950696
DEFA3,15.58719,6.8950696
PRDM9,15.58719,6.8950696
PRAMEF9,15.58719,6.8950696
AC018816.3,15.58719,6.8950696
AP1B1,15.58719,6.8950696
CTBP2,15.58719,6.8950696
NXF2B,15.58719,6.8950696
AC026310.1,15.58719,6.8950696
KIAA1551,15.58719,6.8950696
MTRNR2L7,15.58719,6.8950696
AL583828.1,15.58719,6.8950696
AC121757.1,15.58719,6.8950696
FAM25G,15.58719,6.8950696
C14orf132,15.58719,6.8950696
DEFB4A,15.58719,6.8950696
ZNF705B,15.58719,6.8950696
SLC7A8,15.58719,6.8950696
AL035406.1,15.58719,6.8950696
AC090616.2,15.58719,6.8950696
RGPD6,15.58719,6.8950696
AL161645.2,15.58719,6.8950696
CBS,15.58719,6.8950696
ERVMER34-1,15.58719,6.8950696
KCNE1,15.58719,6.8950696
ATN1,15.58719,6.8950696
MPO,15.58719,6.8950696
AL035588.1,15.58719,6.8950696
HSFX1,15.58719,6.8950696
ERVV-1,15.58719,6.8950696
BTBD9,15.58719,6.8950696
RP11-712L6.5,15.58719,6.8950696
CDK10,15.58719,6.8950696
AC004466.1,15.58719,6.8950696
MNT,15.58719,6.8950696
AC011308.1,15.58719,6.8950696
CT45A1,15.58719,6.8950696
KRT6C,15.58719,6.8950696
CTAGE4,15.58719,6.8950696
TCEB3CL,15.58719,6.8950696
NBPF14,15.58719,6.8950696
TBC1D1,15.58719,6.8950696
TCEB3CL2,15.58719,6.8950696
C1orf147,15.58719,6.8950696
ARIH1,15.58719,6.8950696
POLR2J2,15.58719,6.8950696
RP11-144F15.1,15.58719,6.8950696
GOLGA8B,15.58719,6.8950696
USP33,15.58719,6.8950696
SPDYE2,15.58719,6.8950696
RP11-321M21.3,15.58719,6.8950696
ANKRD20A2,15.58719,6.8950696
EZR,15.58719,6.8950696
NBPF16,15.58719,6.8950696
LRRC37A,15.58719,6.8950696
BCLAF1,15.58719,6.8950696
LCE3C,15.58719,6.8950696
AP1G2,15.58719,6.8950696
AC018867.2,15.58719,6.8950696
RFPL3S,15.58719,6.8950696
SMN2,15.58719,6.8950696
OPN1MW,15.58719,6.8950696
AC103801.2,15.58719,6.8950696
GOLGA8N,15.58719,6.8950696
AMY1A,15.58719,6.8950696
NEBL,15.58719,6.8950696
AL590714.1,15.58719,6.8950696
DYRK3,15.58719,6.8950696
SULT1A3,15.58719,6.8950696
DDTL,15.58719,6.8950696
KRT80,15.58719,6.8950696
JADE2,15.58719,6.8950696
DNAH17-AS1,15.58719,6.8950696
AL589765.1,15.58719,6.8950696
RP11-1055B8.6,15.58719,6.8950696
TUBAL3,15.58719,6.8950696
NPIPB9,15.58719,6.8950696
LGALS7,15.58719,6.8950696
RP11-156E8.1,15.58719,6.8950696
AC037199.1,15.58719,6.8950696
FGF8,15.58719,6.8950696
CTD-2215E18.1,15.58719,6.8950696
RP11-80A15.1,15.58719,6.8950696
ABCE1,15.58719,6.8950696
ANKRD20A1,15.58719,6.8950696
PPIAL4B,15.58719,6.8950696
FBXO10,15.58719,6.8950696
MTRNR2L4,15.58719,6.8950696
GOLGA6L10,15.58719,6.8950696
EFCAB10,15.58719,6.8950696
OSBPL8,15.58719,6.8950696
DDX39B,15.58719,6.8950696
TBC1D3,15.58719,6.8950696
ZRANB2,15.58719,6.8950696
AC112205.1,15.58719,6.8950696
FAM25C,15.58719,6.8950696
AL136376.1,15.58719,6.8950696
ACTR5,15.58719,6.8950696
FLJ00418,15.58719,6.8950696
EEF1A1,15.58719,6.8950696
AC073342.1,15.58719,6.8950696
FNBP4,15.58719,6.8950696
CTAGE8,15.58719,6.8950696
ARMC4,15.58719,6.8950696
AL360181.1,15.58719,6.8950696
GOLGA8O,15.58719,6.8950696
POTEB,15.58719,6.8950696
SCGB1C1,15.58719,6.8950696
RHOXF2B,15.58719,6.8950696
RP11-1055B8.7,15.58719,6.8950696
BEND3,15.58719,6.8950696
KRTAP21-3,15.58719,6.8950696
MICU3,15.58719,6.8950696
IGIP,15.58719,6.8950696
NPIPA1,15.58719,6.8950696
CAPN15,15.58719,6.8950696
AC022400.2,15.58719,6.8950696
GAGE12I,15.58719,6.8950696
HDGFL2,15.58719,6.8950696
AC079210.1,15.58719,6.8950696
SLN,15.58719,6.8950696
FADS3,15.58719,6.8950696
SMIM3,15.58719,6.8950696
OST4,15.58719,6.8950696
RBL1,15.58719,6.8950696
SPANXC,15.58719,6.8950696
SPHAR,15.58719,6.8950696
ARID4B,15.58719,6.8950696
SLX1A,15.58719,6.8950696
KRT81,15.58719,6.8950696
GTF2H2C,15.58719,6.8950696
SSX4,15.58719,6.8950696
KRTAP22-2,15.58719,6.8950696
RP11-867G23.8,15.58719,6.8950696
AL022328.1,15.58719,6.8950696
UPK3BL1,15.58719,6.8950696
C17orf77,15.58719,6.8950696
HILPDA,15.58719,6.8950696
AC012123.1,15.58719,6.8950696
ATP12A,15.58719,6.8950696
AC061992.1,15.58719,6.8950696
PRAMEF7,15.58719,6.8950696
KCNU1,15.58719,6.8950696
ST20,15.58719,6.8950696
KDM4C,15.58719,6.8950696
AC093157.1,15.58719,6.8950696
AP000758.1,15.58719,6.8950696
ALOX12-AS1,15.58719,6.8950696
GAGE1,15.58719,6.8950696
SMN1,15.58719,6.8950696
AL161784.1,15.58719,6.8950696
DDT,15.58719,6.8950696
COX8C,15.58719,6.8950696
OCLM,15.58719,6.8950696
RASA4B,15.58719,6.8950696
VCX3B,15.58719,6.8950696
ERVV-2,15.58719,6.8950696
TCP11X2,15.58719,6.8950696
LCE3B,15.58719,6.8950696
DEFB108B,15.58719,6.8950696
CHTF8,15.58719,6.8950696
LGALS7B,15.58719,6.8950696
TPRX2P,15.58719,6.8950696
STEAP3,15.58719,6.8950696
BRCA1,15.58719,6.8950696
CLK2,15.58719,6.8950696
FAM72D,15.58719,6.8950696
FSD2,15.58719,6.8950696
LUZP6,15.58719,6.8950696
PGA3,15.58719,6.8950696
CCDC66,15.58719,6.8950696
GAPVD1,15.58719,6.8950696
UNK,15.58719,6.8950696
NPEPL1,15.58719,6.8950696
KRT35,15.58719,6.8950696
RPL39,15.58719,6.8950696
EIF5AL1,15.58719,6.8950696
HMHB1,15.58719,6.8950696
PRAMEF5,15.58719,6.8950696
RGPD1,15.58719,6.8950696
AC174470.1,15.58719,6.8950696
ACSF3,15.58719,6.8950696
EIF5,15.58719,6.8950696
DDC,15.58719,6.8950696
MPEG1,15.58719,6.8950696
POTED,15.58719,6.8950696
VCX3A,15.58719,6.8950696
GOLGA6L1,15.58719,6.8950696
LRFN5,15.58719,6.8950696
CD52,15.58719,6.8950696
FBXO24,15.58719,6.8950696
CRELD1,15.58719,6.8950696
KRTAP23-1,15.58719,6.8950696
ARHGEF35,15.58719,6.8950696
KRTAP20-3,15.58719,6.8950696
ZC3H12A,15.58719,6.8950696
HECTD2,15.58719,6.8950696
RBM45,15.58719,6.8950696
MSC-AS1,15.58719,6.8950696
COX8A,15.58719,6.8950696
STMP1,15.58719,6.8950696
NPY4R,15.58719,6.8950696
SCGB3A2,15.58719,6.8950696
AC114494.1,15.58719,6.8950696
XKR6,15.58719,6.8950696
GOLGA8A,15.58719,6.8950696
C8orf59,15.58719,6.8950696
CSNK1E,15.58719,6.8950696
GTF2H2,15.58719,6.8950696
USO1,15.58719,6.8950696
LZTR1,15.58719,6.8950696
SPACA5B,15.58719,6.8950696
SMIM10,15.58719,6.8950696
AC026407.1,15.58719,6.8950696
KBTBD4,15.58719,6.8950696
FZD8,15.58719,6.8950696
C2orf48,15.58719,6.8950696
PODN,15.58719,6.8950696
KCNA10,15.58719,6.8950696
TP53TG3D,15.58719,6.8950696
DAO,15.58719,6.8950696
OXR1,15.58719,6.8950696
GAGE12J,15.58719,6.8950696
MYRF,15.58719,6.8950696
PPIAL4A,15.58719,6.8950696
UMODL1-AS1,15.58719,6.8950696
KRTAP22-1,15.58719,6.8950696
ZZZ3,15.58719,6.8950696
TNFRSF21,15.58719,6.8950696
MT1HL1,15.58719,6.8950696
SLC45A1,15.58719,6.8950696
ZNF263,15.58719,6.8950696
AXL,15.58719,6.8950696
SPANXN5,15.58719,6.8950696
FOXF1,15.58719,6.8950696
UQCRC1,15.58719,6.8950696
KRTAP19-2,15.58719,6.8950696
FAM13C,15.58719,6.8950696
ENHO,15.58719,6.8950696
KRTAP19-6,15.58719,6.8950696
CRHR1,15.58719,6.8950696
KRTAP8-1,15.58719,6.8950696
C15orf65,15.58719,6.8950696
VCX2,15.58719,6.8950696
PHGR1,15.58719,6.8950696
ICOSLG,15.58719,6.8950696
AC110615.1,15.58719,6.8950696
KAAG1,15.58719,6.8950696
RGPD2,15.58719,6.8950696
SFTA2,15.58719,6.8950696
SYT15,15.58719,6.8950696
TMSB15A,15.58719,6.8950696
SLC2A10,15.58719,6.8950696
ACTR6,15.58719,6.8950696
DEFB114,15.58719,6.8950696
SPANXN1,15.58719,6.8950696
GAS2L1,15.58719,6.8950696
KRTAP3-1,15.58719,6.8950696
AP001362.1,15.58719,6.8950696
BEX5,15.58719,6.8950696
TRIM74,15.58719,6.8950696
RASGRP3,15.58719,6.8950696
S100A7,15.58719,6.8950696
S100A7L2,15.58719,6.8950696
AC011997.1,15.58719,6.8950696
SCGB3A1,15.58719,6.8950696
FAM24A,15.58719,6.8950696
KRTAP3-2,15.58719,6.8950696
C6orf48,15.58719,6.8950696
FAM86B2,15.58719,6.8950696
C19orf73,15.58719,6.8950696
PUS7,15.58719,6.8950696
RP11-998D10.1,15.58719,6.8950696
DEFB131A,15.58719,6.8950696
NPS,15.58719,6.8950696
CDK5RAP1,15.58719,6.8950696
PYDC1,15.58719,6.8950696
CGB8,15.58719,6.8950696
SMR3B,15.58719,6.8950696
MMP23B,15.58719,6.8950696
CYP4F12,15.58719,6.8950696
KRTAP21-1,15.58719,6.8950696
GOLGA6D,15.58719,6.8950696
MT1M,15.58719,6.8950696
ITPR1,15.58719,6.8950696
POLR2J3,15.58719,6.8950696
KRTAP25-1,15.58719,6.8950696
S100A7A,15.58719,6.8950696
SMIM6,15.58719,6.8950696
OCA2,15.58719,6.8950696
SRSF7,15.58719,6.8950696
PIGY,15.58719,6.8950696
EID2B,15.58719,6.8950696
PRR21,15.58719,6.8950696
KRTAP6-1,15.58719,6.8950696
GUCY2D,15.58719,6.8950696
METTL16,15.58719,6.8950696
PYDC2,15.58719,6.8950696
KRTAP20-2,15.58719,6.8950696
C5orf58,15.58719,6.8950696
PTH2,15.58719,6.8950696
CT45A5,15.58719,6.8950696
FBXO3,15.58719,6.8950696
PLA2G10,15.58719,6.8950696
KRTAP20-1,15.58719,6.8950696
DEFB136,15.58719,6.8950696
LCE1D,15.58719,6.8950696
INPP5K,15.58719,6.8950696
TMSB10,15.58719,6.8950696
SPIN2A,15.58719,6.8950696
CHPF2,15.58719,6.8950696
COX7B2,15.58719,6.8950696
AGAP9,15.58719,6.8950696
GTF2IRD2,15.58719,6.8950696
LCE3A,15.58719,6.8950696
SEPT10,15.58719,6.8950696
MTHFR,15.58719,6.8950696
SCGB2B2,15.58719,6.8950696
EIF3C,15.58719,6.8950696
CNOT6,15.58719,6.8950696
MEX3C,15.58719,6.8950696
PAGE2,15.58719,6.8950696
S100A12,15.58719,6.8950696
PRM3,15.58719,6.8950696
DEFB134,15.58719,6.8950696
AC093677.1,15.58719,6.8950696
KRTAP19-7,15.58719,6.8950696
FAM229B,15.58719,6.8950696
TCEAL7,15.58719,6.8950696
EDDM13,15.58719,6.8950696
DIRC1,15.58719,6.8950696
C2orf66,15.58719,6.8950696
TOMM6,15.58719,6.8950696
TMEM257,15.58719,6.8950696
KRT25,15.58719,6.8950696
GGT2,15.58719,6.8950696
SCGB1A1,15.58719,6.8950696
CBWD6,15.58719,6.8950696
KRTAP19-4,15.58719,6.8950696
MT1A,15.58719,6.8950696
MINK1,15.58719,6.8950696
SPIN2B,15.58719,6.8950696
CAMK2N1,15.58719,6.8950696
GON7,15.58719,6.8950696
DEFB1,15.58719,6.8950696
SPRR2B,15.58719,6.8950696
CTAGE15,15.58719,6.8950696
C8orf34-AS1,15.58719,6.8950696
LCE2C,15.58719,6.8950696
LCE2B,15.58719,6.8950696
MT1X,15.58719,6.8950696
LYPD8,15.58719,6.8950696
AP000349.1,15.58719,6.8950696
TOGARAM2,15.58719,6.8950696
KRTAP12-4,15.58719,6.8950696
KRTAP12-3,15.58719,6.8950696
LCE2D,15.58719,6.8950696
NUTM2A,15.58719,6.8950696
NACA,15.58719,6.8950696
SMIM1,15.58719,6.8950696
C5orf66,15.58719,6.8950696
EML2-AS1,15.58719,6.8950696
GOLGA8K,15.58719,6.8950696
FAM229A,15.58719,6.8950696
S100A10,15.58719,6.8950696
C16orf74,15.58719,6.8950696
FAM25A,15.58719,6.8950696
GNG4,15.58719,6.8950696
USP14,15.58719,6.8950696
KRTAP12-1,15.58719,6.8950696
DEFA6,15.58719,6.8950696
DEFB121,15.58719,6.8950696
CCL13,15.58719,6.8950696
SLMAP,15.58719,6.8950696
SCGB1D1,15.58719,6.8950696
DEFB115,15.58719,6.8950696
TNPO2,15.58719,6.8950696
COX7C,15.58719,6.8950696
C6orf226,15.58719,6.8950696
MIF-AS1,15.58719,6.8950696
TMEM133,15.58719,6.8950696
KIAA0040,15.58719,6.8950696
RP11-467N20.5,15.58719,6.8950696
ANGPT2,15.58719,6.8950696
SMIM5,15.58719,6.8950696
FAM24B,15.58719,6.8950696
PF4V1,15.58719,6.8950696
SHC2,15.58719,6.8950696
TMSB4X,15.58719,6.8950696
RP1-127H14.3,15.58719,6.8950696
VCX,15.58719,6.8950696
ASAH2B,15.58719,6.8950696
PF4,15.58719,6.8950696
SPATA31A6,15.58719,6.8950696
S100A6,15.58719,6.8950696
MLLT11,15.58719,6.8950696
COPS2,15.58719,6.8950696
KRTAP5-6,15.58719,6.8950696
TRIM61,15.58719,6.8950696
HEPN1,15.58719,6.8950696
S100A8,15.58719,6.8950696
LCE4A,15.58719,6.8950696
MALL,15.58719,6.8950696
NPIPB4,15.58719,6.8950696
DEFB124,15.58719,6.8950696
FOXD4L5,15.58719,6.8950696
NBPF6,15.58719,6.8950696
JMJD6,15.58719,6.8950696
ANXA8L2,15.58719,6.8950696
GNG8,15.58719,6.8950696
MTRNR2L10,15.58719,6.8950696
DEC1,15.58719,6.8950696
PCDH10,15.58719,6.8950696
SMIM20,15.58719,6.8950696
PAGE2B,15.58719,6.8950696
CCL8,15.58719,6.8950696
TYMSOS,15.58719,6.8950696
CCL2,15.58719,6.8950696
LCE1A,15.58719,6.8950696
SERTM1,15.58719,6.8950696
FARP1,15.58719,6.8950696
S100A11,15.58719,6.8950696
GNG7,15.58719,6.8950696
LCE1B,15.58719,6.8950696
KAT2B,15.58719,6.8950696
C14orf178,15.58719,6.8950696
HSBP1L1,15.58719,6.8950696
LCE1C,15.58719,6.8950696
SCGB2A1,15.58719,6.8950696
GNG5,15.58719,6.8950696
BTAF1,15.58719,6.8950696
MTRNR2L3,15.58719,6.8950696
SMIM2,15.58719,6.8950696
AC131097.4,15.58719,6.8950696
CFAP74,15.58719,6.8950696
S100A13,15.58719,6.8950696
C5orf46,15.58719,6.8950696
CCDC179,15.58719,6.8950696
LCE6A,15.58719,6.8950696
FARSB,15.58719,6.8950696
S100A5,15.58719,6.8950696
FAM153A,15.58719,6.8950696
AL645608.1,15.58719,6.8950696
CGB5,15.58719,6.8950696
KRTAP6-2,15.58719,6.8950696
SPRR2E,15.58719,6.8950696
KNCN,15.58719,6.8950696
SPRR2G,15.58719,6.8950696
ABCB6,15.58719,6.8950696
ADIRF,15.58719,6.8950696
LCE1E,15.58719,6.8950696
SPRR2A,15.58719,6.8950696
TBC1D3B,15.58719,6.8950696
CHRM5,15.58719,6.8950696
AC010327.2,15.58719,6.8950696
NRG3,15.58719,6.8950696
PPBP,15.58719,6.8950696
SMR3A,15.58719,6.8950696
MT4,15.58719,6.8950696
C12orf75,15.58719,6.8950696
NBPF15,15.58719,6.8950696
IFI27L2,15.58719,6.8950696
TIMM23B,15.58719,6.8950696
AC135048.1,15.58719,6.8950696
SPRR2F,15.58719,6.8950696
GNG2,15.58719,6.8950696
CREBBP,15.58719,6.8950696
CXCL10,15.58719,6.8950696
SLC26A1,15.58719,6.8950696
SMCO4,15.58719,6.8950696
S100A4,15.58719,6.8950696
PRAMEF6,15.58719,6.8950696
CXCL6,15.58719,6.8950696
SPRR2D,15.58719,6.8950696
SMLR1,15.58719,6.8950696
HIST1H2BA,15.58719,6.8950696
NUPR2,15.58719,6.8950696
HTN3,15.58719,6.8950696
KRT33A,15.58719,6.8950696
LCE1F,15.58719,6.8950696
DEFB133,15.58719,6.8950696
ANKDD1A,15.58719,6.8950696
SMIM18,15.58719,6.8950696
TACC1,15.58719,6.8950696
TFF1,15.58719,6.8950696
CXCL8,15.58719,6.8950696
HBG1,15.58719,6.8950696
C3orf36,15.58719,6.8950696
CLLU1OS,15.58719,6.8950696
C9orf153,15.58719,6.8950696
CCL18,15.58719,6.8950696
CTXN1,15.58719,6.8950696
S100A14,15.58719,6.8950696
DEFB127,15.58719,6.8950696
HCST,15.58719,6.8950696
KRTAP4-1,15.58719,6.8950696
SVIP,15.58719,6.8950696
UGGT1,15.58719,6.8950696
SLC17A7,15.58719,6.8950696
DLL1,15.58719,6.8950696
CNPY1,15.58719,6.8950696
COX17,15.58719,6.8950696
TCEAL8,15.58719,6.8950696
SPANXD,15.58719,6.8950696
CXCL3,15.58719,6.8950696
C2orf88,15.58719,6.8950696
DEFB113,15.58719,6.8950696
CCL20,15.58719,6.8950696
SMIM17,15.58719,6.8950696
KRTAP6-3,15.58719,6.8950696
ATP5ME,15.58719,6.8950696
SVBP,15.58719,6.8950696
TEX46,15.58719,6.8950696
PRR15L,15.58719,6.8950696
ENTPD4,15.58719,6.8950696
MYLK3,15.58719,6.8950696
C19orf48,15.58719,6.8950696
SYCE3,15.58719,6.8950696
DEFB126,15.58719,6.8950696
LEAP2,15.58719,6.8950696
KCNA3,15.58719,6.8950696
LY6D,15.58719,6.8950696
C18orf32,15.58719,6.8950696
CNTNAP3B,15.58719,6.8950696
VMAC,15.58719,6.8950696
CCL1,15.58719,6.8950696
PRAC1,15.58719,6.8950696
GNGT2,15.58719,6.8950696
TP53RK,15.58719,6.8950696
TMEM72,15.58719,6.8950696
RASA4,15.58719,6.8950696
IFI27,15.58719,6.8950696
HRCT1,15.58719,6.8950696
KRTAP9-6,15.58719,6.8950696
SMPX,15.58719,6.8950696
SMIM13,15.58719,6.8950696
KRT16,15.58719,6.8950696
DEFB132,15.58719,6.8950696
UAP1,15.58719,6.8950696
TMEM88B,15.58719,6.8950696
VPS52,15.58719,6.8950696
ATP5MD,15.58719,6.8950696
RAP1GAP2,15.58719,6.8950696
SPRR1A,15.58719,6.8950696
TEAD1,15.58719,6.8950696
FSIP2,15.58719,6.8950696
KRTAP19-3,15.58719,6.8950696
UQCC3,15.58719,6.8950696
C19orf53,15.58719,6.8950696
MT1H,15.58719,6.8950696
KRTAP15-1,15.58719,6.8950696
MILR1,15.58719,6.8950696
SEC61G,15.58719,6.8950696
CGB3,15.58719,6.8950696
IAPP,15.58719,6.8950696
CXCL2,15.58719,6.8950696
PIWIL4,15.58719,6.8950696
HIST1H2BO,15.58719,6.8950696
LELP1,15.58719,6.8950696
KRTAP12-2,15.58719,6.8950696
ZNF322,15.58719,6.8950696
PCOTHP1,15.58719,6.8950696
SEMA4A,15.58719,6.8950696
RETNLB,15.58719,6.8950696
GATB,15.58719,6.8950696
KIF11,15.58719,6.8950696
ATL2,15.58719,6.8950696
ATXN7L3B,15.58719,6.8950696
TGFB1,15.58719,6.8950696
FAM86B1,15.58719,6.8950696
KRTAP1-4,15.58719,6.8950696
TNP2,15.58719,6.8950696
SPRN,15.58719,6.8950696
FLYWCH2,15.58719,6.8950696
C9orf129,15.58719,6.8950696
KRTAP5-11,15.58719,6.8950696
SCRG1,15.58719,6.8950696
CCL19,15.58719,6.8950696
CYP4F3,15.58719,6.8950696
WFDC12,15.58719,6.8950696
WFDC13,15.58719,6.8950696
UQCR11,15.58719,6.8950696
MRPS36,15.58719,6.8950696
MRPL57,15.58719,6.8950696
SMKR1,15.58719,6.8950696
CCL22,15.58719,6.8950696
HMGN4,15.58719,6.8950696
CEP104,15.58719,6.8950696
TRIM39,15.58719,6.8950696
MT1B,15.58719,6.8950696
LENEP,15.58719,6.8950696
C9orf92,15.58719,6.8950696
GAGE2A,15.58719,6.8950696
CXCL5,15.58719,6.8950696
FOXD4L3,15.58719,6.8950696
HIST1H1B,15.58719,6.8950696
MZT1,15.58719,6.8950696
WFDC6,15.58719,6.8950696
SLC51B,15.58719,6.8950696
PIRT,15.58719,6.8950696
TMEM262,15.58719,6.8950696
GNG10,15.58719,6.8950696
BOD1L2,15.58719,6.8950696
DEFB123,15.58719,6.8950696
AQP12B,15.58719,6.8950696
C9orf16,15.58719,6.8950696
CCL15,15.58719,6.8950696
TNKS1BP1,15.58719,6.8950696
C14orf177,15.58719,6.8950696
CCDC167,15.58719,6.8950696
KRTAP3-3,15.58719,6.8950696
TMEM114,15.58719,6.8950696
PET117,15.58719,6.8950696
SCYL3,15.58719,6.8950696
HRK,15.58719,6.8950696
CT83,15.58719,6.8950696
PAGE5,15.58719,6.8950696
RPL39L,15.58719,6.8950696
GNG12,15.58719,6.8950696
TRIAP1,15.58719,6.8950696
DMAC1,15.58719,6.8950696
TMEM155,15.58719,6.8950696
PI3,15.58719,6.8950696
KRTAP4-3,15.58719,6.8950696
MT1G,15.58719,6.8950696
S100B,15.58719,6.8950696
UQCR10,15.58719,6.8950696
NCMAP,15.58719,6.8950696
KRTAP4-2,15.58719,6.8950696
TNP1,15.58719,6.8950696
ARMS2,15.58719,6.8950696
GOLGA6C,15.58719,6.8950696
SNORC,15.58719,6.8950696
HIST1H1D,15.58719,6.8950696
RPL41,15.58719,6.8950696
KRTAP19-5,15.58719,6.8950696
KRTAP5-7,15.58719,6.8950696
SFTA3,15.58719,6.8950696
MFN1,15.58719,6.8950696
S100P,15.58719,6.8950696
SNX13,15.58719,6.8950696
CARD18,15.58719,6.8950696
NT5C2,15.58719,6.8950696
GNG3,15.58719,6.8950696
NDUFA1,15.58719,6.8950696
CMC4,15.58719,6.8950696
UCN3,15.58719,6.8950696
CDRT4,15.58719,6.8950696
SPAG11A,15.58719,6.8950696
SPRR1B,15.58719,6.8950696
MRPL53,15.58719,6.8950696
TMEM238,15.58719,6.8950696
CCL4,15.58719,6.8950696
MAP2K1,15.58719,6.8950696
SNAPC5,15.58719,6.8950696
C8orf44,15.58719,6.8950696
SMAGP,15.58719,6.8950696
TBC1D3G,15.58719,6.8950696
FAM184A,15.58719,6.8950696
SPINK9,15.58719,6.8950696
GTPBP3,15.58719,6.8950696
SERP2,15.58719,6.8950696
C11orf45,15.58719,6.8950696
GNG13,15.58719,6.8950696
DAAM1,15.58719,6.8950696
ZNF131,15.58719,6.8950696
CLPS,15.58719,6.8950696
BMP5,15.58719,6.8950696
STH,15.58719,6.8950696
STATH,15.58719,6.8950696
BLID,15.58719,6.8950696
PRLH,15.58719,6.8950696
PYROXD2,15.58719,6.8950696
SPRR4,15.58719,6.8950696
OLFML2B,15.58719,6.8950696
WFDC9,15.58719,6.8950696
PYURF,15.58719,6.8950696
FABP9,15.58719,6.8950696
BLOC1S3,15.58719,6.8950696
MTR,15.58719,6.8950696
HIST1H2BN,15.58719,6.8950696
VAMP5,15.58719,6.8950696
SCGB2A2,15.58719,6.8950696
CCT6B,15.58719,6.8950696
NRGN,15.58719,6.8950696
ABHD5,15.58719,6.8950696
KRTAP13-3,15.58719,6.8950696
POLR2K,15.58719,6.8950696
KRTAP17-1,15.58719,6.8950696
C17orf100,15.58719,6.8950696
TMEM210,15.58719,6.8950696
PCP4L1,15.58719,6.8950696
SNTN,15.58719,6.8950696
ANXA8,15.58719,6.8950696
CSN3,15.58719,6.8950696
KRTAP2-3,15.58719,6.8950696
RTL8B,15.58719,6.8950696
CEND1,15.58719,6.8950696
SMIM9,15.58719,6.8950696
C20orf144,15.58719,6.8950696
RHOXF2,15.58719,6.8950696
TAS2R43,15.58719,6.8950696
ECSCR,15.58719,6.8950696
HNF4G,15.58719,6.8950696
S100A3,15.58719,6.8950696
AC129492.6,15.58719,6.8950696
CYB5R3,15.58719,6.8950696
NLRP13,15.58719,6.8950696
C4orf48,15.58719,6.8950696
PPY,15.58719,6.8950696
SS18L2,15.58719,6.8950696
CTSC,15.58719,6.8950696
PPP2R2D,15.58719,6.8950696
FZR1,15.58719,6.8950696
PRR27,15.58719,6.8950696
MRFAP1,15.58719,6.8950696
CRIM1,15.58719,6.8950696
PDE6H,15.58719,6.8950696
KRTAP2-1,15.58719,6.8950696
SPINK14,15.58719,6.8950696
SPINT4,15.58719,6.8950696
C10orf55,15.58719,6.8950696
TRIM45,15.58719,6.8950696
TMA7,15.58719,6.8950696
C10orf105,15.58719,6.8950696
CSNK1D,15.58719,6.8950696
SPINK1,15.58719,6.8950696
ATP5MPL,15.58719,6.8950696
ATP5MGL,15.58719,6.8950696
SPANXN4,15.58719,6.8950696
GLRA2,15.58719,6.8950696
TCEAL9,15.58719,6.8950696
KRTAP19-1,15.58719,6.8950696
CALCB,15.58719,6.8950696
S100A16,15.58719,6.8950696
HIST1H2BD,15.58719,6.8950696
POLR2L,15.58719,6.8950696
PYCARD-AS1,15.58719,6.8950696
C4orf36,15.58719,6.8950696
HIST1H2BI,15.58719,6.8950696
AGAP4,15.58719,6.8950696
KRTAP2-4,15.58719,6.8950696
PLXNA2,15.58719,6.8950696
KRTAP9-7,15.58719,6.8950696
MS4A6E,15.58719,6.8950696
SMPDL3B,15.58719,6.8950696
C8orf88,15.58719,6.8950696
HMGN3,15.58719,6.8950696
OBSCN-AS1,15.58719,6.8950696
RMI2,15.58719,6.8950696
PRPF38B,15.58719,6.8950696
PSMG3,15.58719,6.8950696
C1orf61,15.58719,6.8950696
SPINK6,15.58719,6.8950696
AL441883.1,15.58719,6.8950696
LCE3E,15.58719,6.8950696
SPANXN3,15.58719,6.8950696
SLC1A6,15.58719,6.8950696
GRK4,15.58719,6.8950696
HSBP1,15.58719,6.8950696
MT2A,15.58719,6.8950696
MARCKSL1,15.58719,6.8950696
SMCO3,15.58719,6.8950696
BBIP1,15.58719,6.8950696
SPANXB1,15.58719,6.8950696
C20orf141,15.58719,6.8950696
NOL6,15.58719,6.8950696
KRTAP9-8,15.58719,6.8950696
OFCC1,15.58719,6.8950696
C7orf76,15.58719,6.8950696
C10orf113,15.58719,6.8950696
APOA2,15.58719,6.8950696
TPD52L3,15.58719,6.8950696
TMEM92,15.58719,6.8950696
DEFB129,15.58719,6.8950696
GYPC,15.58719,6.8950696
NPIPA5,15.58719,6.8950696
POU4F3,15.58719,6.8950696
SCP2D1,15.58719,6.8950696
HIST1H1C,15.58719,6.8950696
CMC2,15.58719,6.8950696
PCSK6,15.58719,6.8950696
MBOAT2,15.58719,6.8950696
C20ORF135,15.58719,6.8950696
CT62,15.58719,6.8950696
BIK,15.58719,6.8950696
CTXN3,15.58719,6.8950696
APLN,15.58719,6.8950696
SPATA45,15.58719,6.8950696
IL9,15.58719,6.8950696
SPINK7,15.58719,6.8950696
SUMO4,15.58719,6.8950696
ANKRD20A4,15.58719,6.8950696
GNAT2,15.58719,6.8950696
TMEM167B,15.58719,6.8950696
C4orf46,15.58719,6.8950696
PRR15,15.58719,6.8950696
CST8,15.58719,6.8950696
IFNW1,15.58719,6.8950696
LMO7DN,15.58719,6.8950696
DEFA5,15.58719,6.8950696
KRT2,15.58719,6.8950696
TMEM35B,15.58719,6.8950696
CCL28,15.58719,6.8950696
GYPE,15.58719,6.8950696
KRTAP9-4,15.58719,6.8950696
RTL8A,15.58719,6.8950696
UCN2,15.58719,6.8950696
ALDH1A1,15.58719,6.8950696
HIST1H2BL,15.58719,6.8950696
GUCA2A,15.58719,6.8950696
LCE3D,15.58719,6.8950696
SMIM24,15.58719,6.8950696
TCHH,15.58719,6.8950696
PAGE4,15.58719,6.8950696
ATG7,15.58719,6.8950696
MORN2,15.58719,6.8950696
IFNA14,15.58719,6.8950696
AC103809.2,15.58719,6.8950696
CLLU1,15.58719,6.8950696
PKIG,15.58719,6.8950696
GAGE10,15.58719,6.8950696
TXN,15.58719,6.8950696
IFNA16,15.58719,6.8950696
SUMF2,15.58719,6.8950696
LLCFC1,15.58719,6.8950696
LYRM7,15.58719,6.8950696
HIST1H2BF,15.58719,6.8950696
DEFA4,15.58719,6.8950696
MARVELD1,15.58719,6.8950696
XCL2,15.58719,6.8950696
COX19,15.58719,6.8950696
KRTAP9-3,15.58719,6.8950696
KRTAP5-4,15.58719,6.8950696
MTRNR2L6,15.58719,6.8950696
LCE2A,15.58719,6.8950696
TMEM100,15.58719,6.8950696
TBC1D22B,15.58719,6.8950696
DPH3,15.58719,6.8950696
CLECL1,15.58719,6.8950696
SMIM8,15.58719,6.8950696
IFNA7,15.58719,6.8950696
SYCN,15.58719,6.8950696
BET1,15.58719,6.8950696
CRCT1,15.58719,6.8950696
ATOX1,15.58719,6.8950696
PIP,15.58719,6.8950696
ZFP41,15.58719,6.8950696
SPINK8,15.58719,6.8950696
PLA2G2A,15.58719,6.8950696
KRTAP13-2,15.58719,6.8950696
RNASE8,15.58719,6.8950696
MT3,15.58719,6.8950696
SHISA8,15.58719,6.8950696
LGALS9B,15.58719,6.8950696
ASPH,15.58719,6.8950696
SMCP,15.58719,6.8950696
CST9L,15.58719,6.8950696
C10orf99,15.58719,6.8950696
OXSR1,15.58719,6.8950696
CARD17,15.58719,6.8950696
ADIG,15.58719,6.8950696
ASIC1,15.58719,6.8950696
PATE1,15.58719,6.8950696
KRTAP5-9,15.58719,6.8950696
IFNA2,15.58719,6.8950696
C12orf60,15.58719,6.8950696
KRTAP5-8,15.58719,6.8950696
DEFB135,15.58719,6.8950696
DEXI,15.58719,6.8950696
HYPM,15.58719,6.8950696
CLPSL1,15.58719,6.8950696
IFNA17,15.58719,6.8950696
CHRAC1,15.58719,6.8950696
FGD4,15.58719,6.8950696
FXYD4,15.58719,6.8950696
CCL11,15.58719,6.8950696
IFI6,15.58719,6.8950696
MLN,15.58719,6.8950696
SLC22A1,15.58719,6.8950696
ATP6V0E1,15.58719,6.8950696
SMDT1,15.58719,6.8950696
CFC1,15.58719,6.8950696
CDC5L,15.58719,6.8950696
TMEM203,15.58719,6.8950696
KRTAP13-1,15.58719,6.8950696
GDAP1L1,15.58719,6.8950696
C5orf49,15.58719,6.8950696
SNRPF,15.58719,6.8950696
ZNF576,15.58719,6.8950696
IL2,15.58719,6.8950696
LACRT,15.58719,6.8950696
UBASH3A,15.58719,6.8950696
CCL5,15.58719,6.8950696
WFDC11,15.58719,6.8950696
C16orf92,15.58719,6.8950696
ACBD7,15.58719,6.8950696
RNF187,15.58719,6.8950696
SAA4,15.58719,6.8950696
SPATA12,15.58719,6.8950696
COX7B,15.58719,6.8950696
C6orf201,15.58719,6.8950696
IFNA21,15.58719,6.8950696
KLF16,15.58719,6.8950696
XCL1,15.58719,6.8950696
S100A9,15.58719,6.8950696
IFNA6,15.58719,6.8950696
FCGBP,15.58719,6.8950696
CCL17,15.58719,6.8950696
RBP7,15.58719,6.8950696
CGB2,15.58719,6.8950696
LGALS2,15.58719,6.8950696
G0S2,15.58719,6.8950696
CDNF,15.58719,6.8950696
IGFL2,15.58719,6.8950696
PATE3,15.58719,6.8950696
EPN2,15.58719,6.8950696
KRTAP19-8,15.58719,6.8950696
KRTAP9-9,15.58719,6.8950696
IGFL4,15.58719,6.8950696
C10orf62,15.58719,6.8950696
SPRR3,15.58719,6.8950696
MANBAL,15.58719,6.8950696
STK39,15.58719,6.8950696
C12orf73,15.58719,6.8950696
BRD4,15.58719,6.8950696
CCDC182,15.58719,6.8950696
IL18,15.58719,6.8950696
IFNA4,15.58719,6.8950696
AC040977.1,15.58719,6.8950696
COX6C,15.58719,6.8950696
GGTLC2,15.58719,6.8950696
PARD3B,15.58719,6.8950696
GOLGA8J,15.58719,6.8950696
OSTN,15.58719,6.8950696
SPTSSA,15.58719,6.8950696
HTRA3,15.58719,6.8950696
ALKAL1,15.58719,6.8950696
C2orf76,15.58719,6.8950696
NRARP,15.58719,6.8950696
BRK1,15.58719,6.8950696
C5orf47,15.58719,6.8950696
AC096677.1,15.58719,6.8950696
CLPSL2,15.58719,6.8950696
PBOV1,15.58719,6.8950696
CMC1,15.58719,6.8950696
CAMP,15.58719,6.8950696
C1orf210,15.58719,6.8950696
HIST1H2BE,15.58719,6.8950696
KRTAP5-5,15.58719,6.8950696
QRFP,15.58719,6.8950696
CCL21,15.58719,6.8950696
SLC18A2,15.58719,6.8950696
NPB,15.58719,6.8950696
CXCL1,15.58719,6.8950696
TBC1D16,15.58719,6.8950696
PCP4,15.58719,6.8950696
KRTAP27-1,15.58719,6.8950696
SNN,15.58719,6.8950696
SMIM14,15.58719,6.8950696
APOBEC3A,15.58719,6.8950696
IRGM,15.58719,6.8950696
KRTAP13-4,15.58719,6.8950696
PKIB,15.58719,6.8950696
KRTAP26-1,15.58719,6.8950696
CTXN2,15.58719,6.8950696
FDCSP,15.58719,6.8950696
BASP1,15.58719,6.8950696
TAS2R1,15.58719,6.8950696
POMP,15.58719,6.8950696
NPFF,15.58719,6.8950696
TMEM244,15.58719,6.8950696
RPS27L,15.58719,6.8950696
SELENOH,15.58719,6.8950696
C1orf21,15.58719,6.8950696
MUCL1,15.58719,6.8950696
OOSP2,15.58719,6.8950696
SCGB1D2,15.58719,6.8950696
GUCA2B,15.58719,6.8950696
SMPD3,15.58719,6.8950696
FABP3,15.58719,6.8950696
APOC1,15.58719,6.8950696
RIIAD1,15.58719,6.8950696
CCL24,15.58719,6.8950696
TAS2R4,15.58719,6.8950696
KRTAP21-2,15.58719,6.8950696
LSM5,15.58719,6.8950696
GML,15.58719,6.8950696
NPVF,15.58719,6.8950696
HBA1,15.58719,6.8950696
CSF2,15.58719,6.8950696
TRIM66,15.58719,6.8950696
HSPB9,15.58719,6.8950696
TEX22,15.58719,6.8950696
PNRC2,15.58719,6.8950696
UFSP1,15.58719,6.8950696
SLIRP,15.58719,6.8950696
PATE4,15.58719,6.8950696
TMEM89,15.58719,6.8950696
MT1F,15.58719,6.8950696
KRTAP4-4,15.58719,6.8950696
CORT,15.58719,6.8950696
HUS1B,15.58719,6.8950696
ZNF706,15.58719,6.8950696
GYPB,15.58719,6.8950696
INIP,15.58719,6.8950696
KRTAP9-2,15.58719,6.8950696
MYCBP,15.58719,6.8950696
MSH4,15.58719,6.8950696
C11orf21,15.58719,6.8950696
ELOC,15.58719,6.8950696
NUPR1,15.58719,6.8950696
KRTAP1-3,15.58719,6.8950696
CST1,15.58719,6.8950696
IL21,15.58719,6.8950696
MEIG1,15.58719,6.8950696
PCSK2,15.58719,6.8950696
H1F0,15.58719,6.8950696
FAM32A,15.58719,6.8950696
PLN,15.58719,6.8950696
BTBD11,15.58719,6.8950696
SPACA4,15.58719,6.8950696
ATP5F1E,15.58719,6.8950696
CXCL13,15.58719,6.8950696
TSACC,15.58719,6.8950696
ITGB3BP,15.58719,6.8950696
GNGT1,15.58719,6.8950696
RNASE6,15.58719,6.8950696
RNASE1,15.58719,6.8950696
WFDC10A,15.58719,6.8950696
UBE2NL,15.58719,6.8950696
CABS1,15.58719,6.8950696
C10orf131,15.58719,6.8950696
DSCR4,15.58719,6.8950696
TMEM167A,15.58719,6.8950696
SRARP,15.58719,6.8950696
CCDC184,15.58719,6.8950696
PYY,15.58719,6.8950696
ANAPC16,15.58719,6.8950696
SPAG11B,15.58719,6.8950696
H1FX,15.58719,6.8950696
ATP5MF,15.58719,6.8950696
KRTAP5-1,15.58719,6.8950696
NDUFAF8,15.58719,6.8950696
KRTAP5-3,15.58719,6.8950696
SMIM12,15.58719,6.8950696
PTTG1,15.58719,6.8950696
MZT2A,15.58719,6.8950696
DEFB110,15.58719,6.8950696
SSX7,15.58719,6.8950696
LAIR2,15.58719,6.8950696
KRTAP1-5,15.58719,6.8950696
C11orf52,15.58719,6.8950696
CISD2,15.58719,6.8950696
C2orf15,15.58719,6.8950696
C17orf67,15.58719,6.8950696
C2orf83,15.58719,6.8950696
FABP1,15.58719,6.8950696
PPP1R1C,15.58719,6.8950696
COX6A2,15.58719,6.8950696
CYSTM1,15.58719,6.8950696
CYS1,15.58719,6.8950696
PET100,15.58719,6.8950696
UCN,15.58719,6.8950696
DEFB116,15.58719,6.8950696
IFNA1,15.58719,6.8950696
PNPLA2,15.58719,6.8950696
KRTAP1-1,15.58719,6.8950696
CEP120,15.58719,6.8950696
MINOS1,15.58719,6.8950696
AC019171.1,15.58719,6.8950696
RSPH10B2,15.58719,6.8950696
CCL27,15.58719,6.8950696
SCAND1,15.58719,6.8950696
DCD,15.58719,6.8950696
TEX37,15.58719,6.8950696
NBPF4,15.58719,6.8950696
CYTL1,15.58719,6.8950696
RGCC,15.58719,6.8950696
PRR9,15.58719,6.8950696
HIST1H2BJ,15.58719,6.8950696
APOC4,15.58719,6.8950696
PRPF19,15.58719,6.8950696
EID1,15.58719,6.8950696
IL22,15.58719,6.8950696
KBTBD6,15.58719,6.8950696
HSPA1A,15.58719,6.8950696
TMEM211,15.58719,6.8950696
CLEC18A,15.58719,6.8950696
C12orf45,15.58719,6.8950696
C7orf33,15.58719,6.8950696
CLEC18C,15.58719,6.8950696
S100Z,15.58719,6.8950696
CCL16,15.58719,6.8950696
MAOA,15.58719,6.8950696
LTA4H,15.58719,6.8950696
TMEM105,15.58719,6.8950696
CCL7,15.58719,6.8950696
IFNA13,15.58719,6.8950696
TEX12,15.58719,6.8950696
INSL4,15.58719,6.8950696
PDZK1IP1,15.58719,6.8950696
RPL36AL,15.58719,6.8950696
COA4,15.58719,6.8950696
GSTT2B,15.58719,6.8950696
CALCA,15.58719,6.8950696
HIST1H2BG,15.58719,6.8950696
ZBED6CL,15.58719,6.8950696
LDOC1,15.58719,6.8950696
CYSRT1,15.58719,6.8950696
PINLYP,15.58719,6.8950696
SPINK13,15.58719,6.8950696
SCGB1D4,15.58719,6.8950696
PRR18,15.58719,6.8950696
MYBBP1A,15.58719,6.8950696
KRTAP5-10,15.58719,6.8950696
LETM1,15.58719,6.8950696
NPIPB6,15.58719,6.8950696
GMNN,15.58719,6.8950696
SFT2D3,15.58719,6.8950696
COLEC12,15.58719,6.8950696
RARRES3,15.58719,6.8950696
BORCS7,15.58719,6.8950696
MTPN,15.58719,6.8950696
TMEM258,15.58719,6.8950696
CXCL11,15.58719,6.8950696
BEX1,15.58719,6.8950696
COA5,15.58719,6.8950696
TCTA,15.58719,6.8950696
ZCCHC3,15.58719,6.8950696
PKIA,15.58719,6.8950696
GLRX,15.58719,6.8950696
ASIP,15.58719,6.8950696
TIAF1,15.58719,6.8950696
LEUTX,15.58719,6.8950696
HSPA1B,15.58719,6.8950696
MRPL33,15.58719,6.8950696
AHSP,15.58719,6.8950696
CTH,15.58719,6.8950696
NLRP12,15.58719,6.8950696
THEM6,15.58719,6.8950696
HIST1H4G,15.58719,6.8950696
VN1R4,15.58719,6.8950696
C11orf94,15.58719,6.8950696
INSL5,15.58719,6.8950696
TIGD1,15.58719,6.8950696
HIST1H2BC,15.58719,6.8950696
FAM180A,15.58719,6.8950696
RAB3GAP1,15.58719,6.8950696
SLPI,15.58719,6.8950696
BTC,15.58719,6.8950696
TREH,15.58719,6.8950696
SRGN,15.58719,6.8950696
MBD2,15.58719,6.8950696
THRSP,15.58719,6.8950696
TBC1D29,15.58719,6.8950696
XAGE3,15.58719,6.8950696
TMEM141,15.58719,6.8950696
TFF3,15.58719,6.8950696
C9orf116,15.58719,6.8950696
MAP1LC3C,15.58719,6.8950696
ERICH4,15.58719,6.8950696
GOT2,15.58719,6.8950696
SMCO1,15.58719,6.8950696
POMZP3,15.58719,6.8950696
C11orf87,15.58719,6.8950696
COX6A1,15.58719,6.8950696
CCDC71L,15.58719,6.8950696
MRFAP1L1,15.58719,6.8950696
EIF1B,15.58719,6.8950696
HIST3H2BB,15.58719,6.8950696
HMGA2,15.58719,6.8950696
GOLGA6A,15.58719,6.8950696
FNDC10,15.58719,6.8950696
LY86,15.58719,6.8950696
CHTF18,15.58719,6.8950696
GNRH1,15.58719,6.8950696
SPTSSB,15.58719,6.8950696
CGB1,15.58719,6.8950696
TMEM159,15.58719,6.8950696
CDKN2AIPNL,15.58719,6.8950696
CXCL9,15.58719,6.8950696
CCL4L1,15.58719,6.8950696
DYNLRB2,15.58719,6.8950696
COA1,15.58719,6.8950696
LRRC18,15.58719,6.8950696
C2orf91,15.58719,6.8950696
AVPI1,15.58719,6.8950696
NDUFC2,15.58719,6.8950696
LTO1,15.58719,6.8950696
PCDH11X,15.58719,6.8950696
IFITM3,15.58719,6.8950696
PXT1,15.58719,6.8950696
TGIF2LX,15.58719,6.8950696
TMEM263,15.58719,6.8950696
SMIM29,15.58719,6.8950696
WFDC10B,15.58719,6.8950696
ATP6V1G1,15.58719,6.8950696
URAD,15.58719,6.8950696
TRIQK,15.58719,6.8950696
TOMM20L,15.58719,6.8950696
GYPA,15.58719,6.8950696
PPP1R11,15.58719,6.8950696
AQP12A,15.58719,6.8950696
IL1F10,15.58719,6.8950696
SUMO1,15.58719,6.8950696
SHLD1,15.58719,6.8950696
KRTAP4-7,15.58719,6.8950696
PPDPFL,15.58719,6.8950696
CYP1B1,15.58719,6.8950696
MGARP,15.58719,6.8950696
GALNT17,15.58719,6.8950696
UPK2,15.58719,6.8950696
PATE2,15.58719,6.8950696
DYNAP,15.58719,6.8950696
GSPT1,15.58719,6.8950696
TAS2R3,15.58719,6.8950696
POTEJ,15.58719,6.8950696
FAM135B,15.58719,6.8950696
INTS4,15.58719,6.8950696
BPIFA2,15.58719,6.8950696
RAMP3,15.58719,6.8950696
MBD3L1,15.58719,6.8950696
CDC42EP5,15.58719,6.8950696
EIF1,15.58719,6.8950696
C10orf53,15.58719,6.8950696
KRTAP10-3,15.58719,6.8950696
CST5,15.58719,6.8950696
GAD2,15.58719,6.8950696
RAB42,15.58719,6.8950696
C11orf40,15.58719,6.8950696
VPREB1,15.58719,6.8950696
FAAP20,15.58719,6.8950696
PRR13,15.58719,6.8950696
TNFAIP8L1,15.58719,6.8950696
EEF1A2,15.58719,6.8950696
ZBED3,15.58719,6.8950696
DAPL1,15.58719,6.8950696
TAX1BP3,15.58719,6.8950696
C9orf57,15.58719,6.8950696
PLAC9,15.58719,6.8950696
CDK8,15.58719,6.8950696
FOXD4L2,15.58719,6.8950696
COX14,15.58719,6.8950696
DPAGT1,15.58719,6.8950696
COX20,15.58719,6.8950696
CRB3,15.58719,6.8950696
XAGE2,15.58719,6.8950696
PSCA,15.58719,6.8950696
RFLNB,15.58719,6.8950696
GSK3A,15.58719,6.8950696
TARS2,15.58719,6.8950696
KRT6A,15.58719,6.8950696
NUP62CL,15.58719,6.8950696
CXCL17,15.58719,6.8950696
FXYD2,15.58719,6.8950696
PPP1R14B,15.58719,6.8950696
MCCD1,15.58719,6.8950696
SNRPG,15.58719,6.8950696
LALBA,15.58719,6.8950696
PPDPF,15.58719,6.8950696
NANOS2,15.58719,6.8950696
ANKRD27,15.58719,6.8950696
CT55,15.58719,6.8950696
TXNDC8,15.58719,6.8950696
KRBOX1,15.58719,6.8950696
LCN8,15.58719,6.8950696
GOLT1B,15.58719,6.8950696
TAS2R38,15.58719,6.8950696
UBL4B,15.58719,6.8950696
FGFBP1,15.58719,6.8950696
CDKAL1,15.58719,6.8950696
HBG2,15.58719,6.8950696
TCAF1,15.58719,6.8950696
IGFL1,15.58719,6.8950696
MSMB,15.58719,6.8950696
CCL26,15.58719,6.8950696
TNFRSF17,15.58719,6.8950696
CST3,15.58719,6.8950696
GAL3ST4,15.58719,6.8950696
SIRPD,15.58719,6.8950696
POLE3,15.58719,6.8950696
COMMD1,15.58719,6.8950696
BCL2L2,15.58719,6.8950696
GTF2H5,15.58719,6.8950696
FTHL17,15.58719,6.8950696
NXT1,15.58719,6.8950696
RTL8C,15.58719,6.8950696
CST6,15.58719,6.8950696
MT1E,15.58719,6.8950696
MAPK1IP1L,15.58719,6.8950696
EIF4EBP1,15.58719,6.8950696
IL13,15.58719,6.8950696
KIAA1143,15.58719,6.8950696
CSAG1,15.58719,6.8950696
SCT,15.58719,6.8950696
TBX20,15.58719,6.8950696
RPS27,15.58719,6.8950696
DCDC2C,15.58719,6.8950696
CMTM7,15.58719,6.8950696
CALML5,15.58719,6.8950696
C11orf74,15.58719,6.8950696
CKLF,15.58719,6.8950696
COX7A2,15.58719,6.8950696
IL15,15.58719,6.8950696
ZFP64,15.58719,6.8950696
ENY2,15.58719,6.8950696
BRD8,15.58719,6.8950696
TRIM43,15.58719,6.8950696
ATP5MC1,15.58719,6.8950696
RPP14,15.58719,6.8950696
HIST2H2BE,15.58719,6.8950696
MRPS21,15.58719,6.8950696
HIST1H2BB,15.58719,6.8950696
MRPS17,15.58719,6.8950696
SPINK2,15.58719,6.8950696
TMEM14A,15.58719,6.8950696
C9orf40,15.58719,6.8950696
NDUFAB1,15.58719,6.8950696
SERP1,15.58719,6.8950696
RPLP1,15.58719,6.8950696
CFAP97D1,15.58719,6.8950696
C3orf18,15.58719,6.8950696
FANCD2OS,15.58719,6.8950696
CCL3,15.58719,6.8950696
PMAIP1,15.58719,6.8950696
ACAA2,15.58719,6.8950696
GGTLC1,15.58719,6.8950696
BLOC1S4,15.58719,6.8950696
C1orf162,15.58719,6.8950696
HBEGF,15.58719,6.8950696
CISD3,15.58719,6.8950696
TMEM256,15.58719,6.8950696
NPPA,15.58719,6.8950696
TMEM42,15.58719,6.8950696
TMEM250,15.58719,6.8950696
TRIM49C,15.58719,6.8950696
TXNRD3,15.58719,6.8950696
MS4A13,15.58719,6.8950696
RETN,15.58719,6.8950696
HIGD1C,15.58719,6.8950696
SF3B2,15.58719,6.8950696
SPATA33,15.58719,6.8950696
PAIP2,15.58719,6.8950696
GAPT,15.58719,6.8950696
DYNLT3,15.58719,6.8950696
FABP7,15.58719,6.8950696
REP15,15.58719,6.8950696
NDUFA3,15.58719,6.8950696
SPATA24,15.58719,6.8950696
BANF2,15.58719,6.8950696
SLURP1,15.58719,6.8950696
TXNRD3NB,15.58719,6.8950696
LSMEM1,15.58719,6.8950696
CTNNBL1,15.58719,6.8950696
PRM1,15.58719,6.8950696
PSORS1C1,15.58719,6.8950696
RPA3,15.58719,6.8950696
MRPS18C,15.58719,6.8950696
CSTB,15.58719,6.8950696
TEX19,15.58719,6.8950696
USP15,15.58719,6.8950696
VN1R1,15.58719,6.8950696
CLEC5A,15.58719,6.8950696
MZT2B,15.58719,6.8950696
C11orf71,15.58719,6.8950696
TAS2R50,15.58719,6.8950696
IL5,15.58719,6.8950696
H3F3C,15.58719,6.8950696
TMEM60,15.58719,6.8950696
PAGE1,15.58719,6.8950696
PHLDA3,15.58719,6.8950696
AHSA2P,15.58719,6.8950696
MERTK,15.58719,6.8950696
RNASE9,15.58719,6.8950696
RIPPLY2,15.58719,6.8950696
GCK,15.58719,6.8950696
PKP1,15.58719,6.8950696
RPL36,15.58719,6.8950696
MBD4,15.58719,6.8950696
LY6G6C,15.58719,6.8950696
PIH1D3,15.58719,6.8950696
JCHAIN,15.58719,6.8950696
OPALIN,15.58719,6.8950696
TMEM154,15.58719,6.8950696
SPINK4,15.58719,6.8950696
SIDT1,15.58719,6.8950696
C15orf40,15.58719,6.8950696
TET3,15.58719,6.8950696
PLA2G2E,15.58719,6.8950696
HBZ,15.58719,6.8950696
NDUFB3,15.58719,6.8950696
CDK2AP2,15.58719,6.8950696
TAS2R30,15.58719,6.8950696
POLG2,15.58719,6.8950696
IGLL1,15.58719,6.8950696
NKX6-3,15.58719,6.8950696
DEFB118,15.58719,6.8950696
MSMP,15.58719,6.8950696
CST9,15.58719,6.8950696
OCM2,15.58719,6.8950696
GHRH,15.58719,6.8950696
TPRKB,15.58719,6.8950696
CMTM3,15.58719,6.8950696
HBM,15.58719,6.8950696
TMEM215,15.58719,6.8950696
TAS2R8,15.58719,6.8950696
ZG16B,15.58719,6.8950696
TMEM52,15.58719,6.8950696
B2M,15.58719,6.8950696
SMIM19,15.58719,6.8950696
TMEM119,15.58719,6.8950696
LCN15,15.58719,6.8950696
NPPB,15.58719,6.8950696
CLEC19A,15.58719,6.8950696
CDC42SE1,15.58719,6.8950696
C3orf22,15.58719,6.8950696
HIGD1B,15.58719,6.8950696
DNAJC24,15.58719,6.8950696
CDPF1,15.58719,6.8950696
SSX1,15.58719,6.8950696
TMEM126B,15.58719,6.8950696
PTTG2,15.58719,6.8950696
FAM163B,15.58719,6.8950696
IFNA8,15.58719,6.8950696
TMEM125,15.58719,6.8950696
NPW,15.58719,6.8950696
N6AMT1,15.58719,6.8950696
C17orf103,15.58719,6.8950696
OTOR,15.58719,6.8950696
OTOS,15.58719,6.8950696
RAMP1,15.58719,6.8950696
OSM,15.58719,6.8950696
RNASE11,15.58719,6.8950696
TEN1,15.58719,6.8950696
SERTAD3,15.58719,6.8950696
IL23A,15.58719,6.8950696
PYCARD,15.58719,6.8950696
C15orf53,15.58719,6.8950696
CRIPT,15.58719,6.8950696
INTS6,15.58719,6.8950696
SEM1,15.58719,6.8950696
SHISAL2A,15.58719,6.8950696
CGA,15.58719,6.8950696
TCEAL3,15.58719,6.8950696
IFRG15,15.58719,6.8950696
TAC1,15.58719,6.8950696
NDUFB1,15.58719,6.8950696
SMIM21,15.58719,6.8950696
AL049829.1,15.58719,6.8950696
RNASE3,15.58719,6.8950696
ANKRD37,15.58719,6.8950696
KISS1,15.58719,6.8950696
OIP5,15.58719,6.8950696
PTH,15.58719,6.8950696
CST4,15.58719,6.8950696
IL36A,15.58719,6.8950696
RNASE13,15.58719,6.8950696
C1orf54,15.58719,6.8950696
C15orf61,15.58719,6.8950696
FAM9C,15.58719,6.8950696
PPIL3,15.58719,6.8950696
HIST1H2BM,15.58719,6.8950696
ISCA1,15.58719,6.8950696
TAC4,15.58719,6.8950696
KRTAP4-5,15.58719,6.8950696
C1orf186,15.58719,6.8950696
LARS2,15.58719,6.8950696
C9orf85,15.58719,6.8950696
SUB1,15.58719,6.8950696
CER1,15.58719,6.8950696
CERS6,15.58719,6.8950696
FGF16,15.58719,6.8950696
GSTA1,15.58719,6.8950696
TSTD1,15.58719,6.8950696
ISG15,15.58719,6.8950696
H2BFWT,15.58719,6.8950696
SOX17,15.58719,6.8950696
MRPL36,15.58719,6.8950696
CYCS,15.58719,6.8950696
CSTA,15.58719,6.8950696
IFNA10,15.58719,6.8950696
CYYR1,15.58719,6.8950696
ANAPC13,15.58719,6.8950696
SST,15.58719,6.8950696
MFGE8,15.58719,6.8950696
COLCA2,15.58719,6.8950696
WDR83OS,15.58719,6.8950696
MRPL30,15.58719,6.8950696
GTF2A2,15.58719,6.8950696
APOM,15.58719,6.8950696
MTTP,15.58719,6.8950696
C1orf189,15.58719,6.8950696
C5orf15,15.58719,6.8950696
LAGE3,15.58719,6.8950696
SELENOK,15.58719,6.8950696
POLD4,15.58719,6.8950696
CENPX,15.58719,6.8950696
PAEP,15.58719,6.8950696
CT47B1,15.58719,6.8950696
HMGA1,15.58719,6.8950696
LY6L,15.58719,6.8950696
HBA2,15.58719,6.8950696
INAFM1,15.58719,6.8950696
MLH1,15.58719,6.8950696
GTSF1L,15.58719,6.8950696
CST7,15.58719,6.8950696
AC022532.1,15.58719,6.8950696
NDUFB7,15.58719,6.8950696
ATP6V1F,15.58719,6.8950696
ACOT6,15.58719,6.8950696
NAT14,15.58719,6.8950696
TMEM207,15.58719,6.8950696
TAS2R31,15.58719,6.8950696
FAM167A,15.58719,6.8950696
ERICH2,15.58719,6.8950696
KLRC4,15.58719,6.8950696
MS4A5,15.58719,6.8950696
NUTM2B,15.58719,6.8950696
ARMCX6,15.58719,6.8950696
LCE5A,15.58719,6.8950696
LY6G6D,15.58719,6.8950696
AGR3,15.58719,6.8950696
SAP25,15.58719,6.8950696
RPRML,15.58719,6.8950696
MAL,15.58719,6.8950696
CDKN2D,15.58719,6.8950696
RBP2,15.58719,6.8950696
TIMM10,15.58719,6.8950696
IL7,15.58719,6.8950696
KCNE4,15.58719,6.8950696
IL4,15.58719,6.8950696
ICOS,15.58719,6.8950696
CPLX4,15.58719,6.8950696
PIN4,15.58719,6.8950696
HAUS2,15.58719,6.8950696
C16orf91,15.58719,6.8950696
MRPL27,15.58719,6.8950696
FAM163A,15.58719,6.8950696
PVALB,15.58719,6.8950696
RP11-211G3.3,15.58719,6.8950696
GOLGA6B,15.58719,6.8950696
UCMA,15.58719,6.8950696
SNRPE,15.58719,6.8950696
TMEM225,15.58719,6.8950696
RPLP2,15.58719,6.8950696
UBD,15.58719,6.8950696
CDC42SE2,15.58719,6.8950696
HIGD1A,15.58719,6.8950696
KRTAP10-10,15.58719,6.8950696
DEFB112,15.58719,6.8950696
RP11-508N12.4,15.58719,6.8950696
IFNL3,15.58719,6.8950696
USP49,15.58719,6.8950696
IFNB1,15.58719,6.8950696
C12orf71,15.58719,6.8950696
EVA1A,15.58719,6.8950696
ZNHIT3,15.58719,6.8950696
CDC26,15.58719,6.8950696
DPPA3,15.58719,6.8950696
AKAP9,15.58719,6.8950696
NINL,15.58719,6.8950696
C4orf45,15.58719,6.8950696
GLUL,15.58719,6.8950696
PPP1R14A,15.58719,6.8950696
SPATA3,15.58719,6.8950696
TCIM,15.58719,6.8950696
KCNE5,15.58719,6.8950696
OXLD1,15.58719,6.8950696
PQLC2L,15.58719,6.8950696
IGSF3,15.58719,6.8950696
ARHGAP11B,15.58719,6.8950696
RAET1L,15.58719,6.8950696
ARPP19,15.58719,6.8950696
CRH,15.58719,6.8950696
TNFAIP8L2,15.58719,6.8950696
NRN1,15.58719,6.8950696
HIST2H2BF,15.58719,6.8950696
ARHGAP33,15.58719,6.8950696
STUM,15.58719,6.8950696
AC087645.1,15.58719,6.8950696
IL37,15.58719,6.8950696
SLC2A2,15.58719,6.8950696
CLEC2A,15.58719,6.8950696
TMEM158,15.58719,6.8950696
TMEM220,15.58719,6.8950696
RNASE12,15.58719,6.8950696
REG1A,15.58719,6.8950696
PRIMA1,15.58719,6.8950696
BCL2,15.58719,6.8950696
CCDC140,15.58719,6.8950696
C1D,15.58719,6.8950696
SRGAP1,15.58719,6.8950696
REG3G,15.58719,6.8950696
IGSF23,15.58719,6.8950696
FABP12,15.58719,6.8950696
CITED4,15.58719,6.8950696
KRTAP4-12,15.58719,6.8950696
SELENOM,15.58719,6.8950696
PITX1,15.58719,6.8950696
TAL2,15.58719,6.8950696
C19orf70,15.58719,6.8950696
TLR7,15.58719,6.8950696
C3orf35,15.58719,6.8950696
POLR3K,15.58719,6.8950696
KRTAP4-6,15.58719,6.8950696
SERHL2,15.58719,6.8950696
SPATA25,15.58719,6.8950696
AARD,15.58719,6.8950696
TMEM139,15.58719,6.8950696
LARP1B,15.58719,6.8950696
NDUFC1,15.58719,6.8950696
C10orf126,15.58719,6.8950696
ZRSR2P1,15.58719,6.8950696
KRTAP4-8,15.58719,6.8950696
MS4A12,15.58719,6.8950696
GABRA2,15.58719,6.8950696
C11orf91,15.58719,6.8950696
GLIPR2,15.58719,6.8950696
BEX2,15.58719,6.8950696
C2CD6,15.58719,6.8950696
FAM9B,15.58719,6.8950696
CXorf66,15.58719,6.8950696
POTEG,15.58719,6.8950696
INO80C,15.58719,6.8950696
TMEM247,15.58719,6.8950696
NOMO3,15.58719,6.8950696
LHB,15.58719,6.8950696
KLRC3,15.58719,6.8950696
H1FOO,15.58719,6.8950696
GALP,15.58719,6.8950696
LAMTOR4,15.58719,6.8950696
LRRC20,15.58719,6.8950696
BGLAP,15.58719,6.8950696
KLRF2,15.58719,6.8950696
CDC42EP2,15.58719,6.8950696
KCNE3,15.58719,6.8950696
FAM174A,15.58719,6.8950696
AP2M1,15.58719,6.8950696
FAM241B,15.58719,6.8950696
FBXO48,15.58719,6.8950696
PLAC8L1,15.58719,6.8950696
TEX43,15.58719,6.8950696
PDE6G,15.58719,6.8950696
TSHB,15.58719,6.8950696
C5orf24,15.58719,6.8950696
TP53AIP1,15.58719,6.8950696
OVOL3,15.58719,6.8950696
GIP,15.58719,6.8950696
TAS2R16,15.58719,6.8950696
MIF,15.58719,6.8950696
C1orf52,15.58719,6.8950696
GSTA5,15.58719,6.8950696
TTC32,15.58719,6.8950696
NDUFA5,15.58719,6.8950696
IFNL1,15.58719,6.8950696
MAGEA8,15.58719,6.8950696
PIGP,15.58719,6.8950696
SIT1,15.58719,6.8950696
MS4A2,15.58719,6.8950696
RNF183,15.58719,6.8950696
STT3B,15.58719,6.8950696
ILF3,15.58719,6.8950696
IGFL3,15.58719,6.8950696
FABP5,15.58719,6.8950696
C1orf122,15.58719,6.8950696
SMIM23,15.58719,6.8950696
C10orf82,15.58719,6.8950696
ATP5MG,15.58719,6.8950696
MUSTN1,15.58719,6.8950696
METTL14,15.58719,6.8950696
MS4A3,15.58719,6.8950696
HEBP1,15.58719,6.8950696
C12orf42,15.58719,6.8950696
TAS2R9,15.58719,6.8950696
REG3A,15.58719,6.8950696
RAB6C,15.58719,6.8950696
PDRG1,15.58719,6.8950696
MS4A15,15.58719,6.8950696
LPCAT2,15.58719,6.8950696
GIMAP7,15.58719,6.8950696
THOC3,15.58719,6.8950696
C2CD4D,15.58719,6.8950696
GCSAML,15.58719,6.8950696
UGDH,15.58719,6.8950696
NAT8,15.58719,6.8950696
CMTM6,15.58719,6.8950696
ANXA2R,15.58719,6.8950696
IL31,15.58719,6.8950696
NDUFA4,15.58719,6.8950696
ZNF581,15.58719,6.8950696
PLET1,15.58719,6.8950696
UBALD2,15.58719,6.8950696
HYPK,15.58719,6.8950696
RPRM,15.58719,6.8950696
EMC6,15.58719,6.8950696
CST11,15.58719,6.8950696
PFDN4,15.58719,6.8950696
IFNL2,15.58719,6.8950696
TEX29,15.58719,6.8950696
TEX44,15.58719,6.8950696
MRPL54,15.58719,6.8950696
DSTN,15.58719,6.8950696
TMEM174,15.58719,6.8950696
CARNS1,15.58719,6.8950696
SRP14,15.58719,6.8950696
LOR,15.58719,6.8950696
FCGR3B,15.58719,6.8950696
TTC26,15.58719,6.8950696
FAM153B,15.58719,6.8950696
FRG2,15.58719,6.8950696
FMC1,15.58719,6.8950696
UFM1,15.58719,6.8950696
ZNF705A,15.58719,6.8950696
EID2,15.58719,6.8950696
PLAC8,15.58719,6.8950696
FAM104B,15.58719,6.8950696
C16orf90,15.58719,6.8950696
TMEM170B,15.58719,6.8950696
AC009065.1,15.58719,6.8950696
MED9,15.58719,6.8950696
CSN2,15.58719,6.8950696
LCNL1,15.58719,6.8950696
RPL22,15.58719,6.8950696
HSPE1,15.58719,6.8950696
TOMM5,15.58719,6.8950696
KRTAP4-9,15.58719,6.8950696
SPANXN2,15.58719,6.8950696
TMEM61,15.58719,6.8950696
CD302,15.58719,6.8950696
SAMD5,15.58719,6.8950696
SELENOW,15.58719,6.8950696
ZBED2,15.58719,6.8950696
PANK3,15.58719,6.8950696
FKBP15,15.58719,6.8950696
CDA,15.58719,6.8950696
GTF2IRD2B,15.58719,6.8950696
TIMM8A,15.58719,6.8950696
FAM241A,15.58719,6.8950696
C17orf98,15.58719,6.8950696
ARL9,15.58719,6.8950696
SIGLEC14,15.58719,6.8950696
SORCS3,15.58719,6.8950696
TNFRSF13C,15.58719,6.8950696
AKAIN1,15.58719,6.8950696
PRCD,15.58719,6.8950696
CCDC144NL,15.58719,6.8950696
RARRES2,15.58719,6.8950696
RNASE7,15.58719,6.8950696
RPEL1,15.58719,6.8950696
CBWD2,15.58719,6.8950696
MRGPRX4,15.58719,6.8950696
CLC,15.58719,6.8950696
IPO11,15.58719,6.8950696
MARK1,15.58719,6.8950696
TCL1B,15.58719,6.8950696
NCOA5,15.58719,6.8950696
KCNJ6,15.58719,6.8950696
ZNF428,15.58719,6.8950696
TEDDM1,15.58719,6.8950696
SF3B6,15.58719,6.8950696
FABP6,15.58719,6.8950696
GPX5,15.58719,6.8950696
SEC61B,15.58719,6.8950696
CMTM8,15.58719,6.8950696
GGACT,15.58719,6.8950696
CXCL14,15.58719,6.8950696
GCHFR,15.58719,6.8950696
CTAGE6,15.58719,6.8950696
NINJ1,15.58719,6.8950696
PPP1R14D,15.58719,6.8950696
RPL30,15.58719,6.8950696
NNMT,15.58719,6.8950696
KRTAP10-2,15.58719,6.8950696
TIMM8B,15.58719,6.8950696
PSORS1C2,15.58719,6.8950696
CXCL16,15.58719,6.8950696
GNPNAT1,15.58719,6.8950696
LBH,15.58719,6.8950696
DTD2,15.58719,6.8950696
TMEM253,15.58719,6.8950696
EBF4,15.58719,6.8950696
GRP,15.58719,6.8950696
MAGEA3,15.58719,6.8950696
PPIA,15.58719,6.8950696
FUOM,15.58719,6.8950696
SNU13,15.58719,6.8950696
CD7,15.58719,6.8950696
ZNF524,15.58719,6.8950696
ACOT13,15.58719,6.8950696
TAS2R46,15.58719,6.8950696
C20orf27,15.58719,6.8950696
MAGEA6,15.58719,6.8950696
TSPO2,15.58719,6.8950696
NNAT,15.58719,6.8950696
FOXL2NB,15.58719,6.8950696
ZDBF2,15.58719,6.8950696
AP5S1,15.58719,6.8950696
SPCS3,15.58719,6.8950696
HTR5A-AS1,15.58719,6.8950696
PLAC1,15.58719,6.8950696
TMEM99,15.58719,6.8950696
TAS2R42,15.58719,6.8950696
ANAPC4,15.58719,6.8950696
COX16,15.58719,6.8950696
MRPL42,15.58719,6.8950696
SMAD1,15.58719,6.8950696
NUDT15,15.58719,6.8950696
FAM218A,15.58719,6.8950696
C21orf62,15.58719,6.8950696
TMEM14B,15.58719,6.8950696
VMA21,15.58719,6.8950696
KHDC1L,15.58719,6.8950696
TAS2R40,15.58719,6.8950696
DCANP1,15.58719,6.8950696
GLOD5,15.58719,6.8950696
UCP2,15.58719,6.8950696
KIAA1024L,15.58719,6.8950696
RNF224,15.58719,6.8950696
C12orf54,15.58719,6.8950696
AMTN,15.58719,6.8950696
TOMM22,15.58719,6.8950696
KLRD1,15.58719,6.8950696
IFT20,15.58719,6.8950696
RIDA,15.58719,6.8950696
RPS25,15.58719,6.8950696
COMMD10,15.58719,6.8950696
FKBP1B,15.58719,6.8950696
TPPP2,15.58719,6.8950696
S100A1,15.58719,6.8950696
VAMP4,15.58719,6.8950696
DLEU7,15.58719,6.8950696
SSPN,15.58719,6.8950696
SUZ12,15.58719,6.8950696
TSEN15,15.58719,6.8950696
RNF225,15.58719,6.8950696
LAMTOR5,15.58719,6.8950696
HMGN5,15.58719,6.8950696
ZHX1,15.58719,6.8950696
XRN1,15.58719,6.8950696
HS6ST3,15.58719,6.8950696
CDC42BPB,15.58719,6.8950696
SERTAD1,15.58719,6.8950696
C3orf14,15.58719,6.8950696
RFPL4AL1,15.58719,6.8950696
UTF1,15.58719,6.8950696
IL12A,15.58719,6.8950696
LYZL6,15.58719,6.8950696
CTF1,15.58719,6.8950696
TAC3,15.58719,6.8950696
PARM1,15.58719,6.8950696
PMM1,15.58719,6.8950696
EBLN1,15.58719,6.8950696
MRPS16,15.58719,6.8950696
C11orf53,15.58719,6.8950696
TMEM81,15.58719,6.8950696
FRG2B,15.58719,6.8950696
SPN,15.58719,6.8950696
MAGEC2,15.58719,6.8950696
LHX4,15.58719,6.8950696
MAP6D1,15.58719,6.8950696
LYPD2,15.58719,6.8950696
CRCP,15.58719,6.8950696
ACKR1,15.58719,6.8950696
TMEM221,15.58719,6.8950696
CGB7,15.58719,6.8950696
CXorf40B,15.58719,6.8950696
AGRP,15.58719,6.8950696
FAM216B,15.58719,6.8950696
CCDC160,15.58719,6.8950696
ODF4,15.58719,6.8950696
PTGES3L,15.58719,6.8950696
IMP3,15.58719,6.8950696
CKS2,15.58719,6.8950696
C5orf63,15.58719,6.8950696
PRAMEF3,15.58719,6.8950696
ROPN1,15.58719,6.8950696
ITM2A,15.58719,6.8950696
PLP2,15.58719,6.8950696
C2orf50,15.58719,6.8950696
ARL6IP6,15.58719,6.8950696
EBLN2,15.58719,6.8950696
MIEN1,15.58719,6.8950696
CHCHD7,15.58719,6.8950696
C19orf18,15.58719,6.8950696
CD47,15.58719,6.8950696
STAT6,15.58719,6.8950696
PMCH,15.58719,6.8950696
TCEAL6,15.58719,6.8950696
CCDC126,15.58719,6.8950696
TSHZ2,15.58719,6.8950696
TEX38,15.58719,6.8950696
C1orf158,15.58719,6.8950696
FTO,15.58719,6.8950696
TMEM252,15.58719,6.8950696
TMEM273,15.58719,6.8950696
TCAF2,15.58719,6.8950696
CBY1,15.58719,6.8950696
MMP14,15.58719,6.8950696
ANAPC15,15.58719,6.8950696
LYSMD2,15.58719,6.8950696
ARMCX3,15.58719,6.8950696
TREML4,15.58719,6.8950696
SAMD13,15.58719,6.8950696
IL15RA,15.58719,6.8950696
LIME1,15.58719,6.8950696
RNASE10,15.58719,6.8950696
MS4A8,15.58719,6.8950696
ZC3H4,15.58719,6.8950696
CRABP1,15.58719,6.8950696
C17orf99,15.58719,6.8950696
EIF4EBP3,15.58719,6.8950696
TIFAB,15.58719,6.8950696
KRBOX4,15.58719,6.8950696
CMTM2,15.58719,6.8950696
ZDHHC11B,15.58719,6.8950696
NDUFA11,15.58719,6.8950696
CNTF,15.58719,6.8950696
TMEM86B,15.58719,6.8950696
TMEM187,15.58719,6.8950696
C15orf48,15.58719,6.8950696
FCGR2B,15.58719,6.8950696
HS6ST1,15.58719,6.8950696
NBL1,15.58719,6.8950696
NBPF10,15.58719,6.8950696
TPGS1,15.58719,6.8950696
RNF7,15.58719,6.8950696
IL33,15.58719,6.8950696
NPM3,15.58719,6.8950696
FABP2,15.58719,6.8950696
NDUFA2,15.58719,6.8950696
UBQLN4,15.58719,6.8950696
EQTN,15.58719,6.8950696
LSM7,15.58719,6.8950696
ULBP2,15.58719,6.8950696
PCLAF,15.58719,6.8950696
MTCP1,15.58719,6.8950696
IKBKG,15.58719,6.8950696
LPL,15.58719,6.8950696
IL36G,15.58719,6.8950696
PLA2G2C,15.58719,6.8950696
NACA2,15.58719,6.8950696
KRTAP10-1,15.58719,6.8950696
ENO3,15.58719,6.8950696
BOK,15.58719,6.8950696
SNHG28,15.58719,6.8950696
TNFSF4,15.58719,6.8950696
RFPL4A,15.58719,6.8950696
MCRIP2,15.58719,6.8950696
DAD1,15.58719,6.8950696
LCN1,15.58719,6.8950696
LGALS16,15.58719,6.8950696
NPIPB11,15.58719,6.8950696
TMEM69,15.58719,6.8950696
NUDT8,15.58719,6.8950696
IL26,15.58719,6.8950696
EDDM3A,15.58719,6.8950696
VAMP8,15.58719,6.8950696
SLC2A8,15.58719,6.8950696
LIN52,15.58719,6.8950696
FXYD6,15.58719,6.8950696
GATS,15.58719,6.8950696
BET1L,15.58719,6.8950696
HCFC1R1,15.58719,6.8950696
PPP1R1B,15.58719,6.8950696
SLC7A11,15.58719,6.8950696
MSGN1,15.58719,6.8950696
EIF1AX,15.58719,6.8950696
SAA2,15.58719,6.8950696
ASPRV1,15.58719,6.8950696
SLC30A5,15.58719,6.8950696
RPS29,15.58719,6.8950696
CEBPD,15.58719,6.8950696
C12orf74,15.58719,6.8950696
OBP2B,15.58719,6.8950696
DIO3,15.58719,6.8950696
TNFAIP8,15.58719,6.8950696
VHLL,15.58719,6.8950696
AC011484.1,15.58719,6.8950696
MAGEB18,15.58719,6.8950696
SCARA5,15.58719,6.8950696
CNIH1,15.58719,6.8950696
C3orf80,15.58719,6.8950696
FAM86C1,15.58719,6.8950696
ABRACL,15.58719,6.8950696
KRTAP10-11,15.58719,6.8950696
BEX3,15.58719,6.8950696
GP9,15.58719,6.8950696
INTS1,15.58719,6.8950696
MTURN,15.58719,6.8950696
SMIM4,15.58719,6.8950696
HTRA2,15.58719,6.8950696
SELENOV,15.58719,6.8950696
RPP38,15.58719,6.8950696
TRNP1,15.58719,6.8950696
RPA4,15.58719,6.8950696
FAM183A,15.58719,6.8950696
AURKAIP1,15.58719,6.8950696
EIF1AD,15.58719,6.8950696
TIMM9,15.58719,6.8950696
FFAR3,15.58719,6.8950696
C4B,15.58719,6.8950696
KLRG1,15.58719,6.8950696
RELL1,15.58719,6.8950696
DUS2,15.58719,6.8950696
MFSD6,15.58719,6.8950696
RGS13,15.58719,6.8950696
UBE2V2,15.58719,6.8950696
ACYP1,15.58719,6.8950696
TCEAL5,15.58719,6.8950696
PPP1R27,15.58719,6.8950696
NUDT2,15.58719,6.8950696
CRIP1,15.58719,6.8950696
PNMA8A,15.58719,6.8950696
HIGD2A,15.58719,6.8950696
ANO6,15.58719,6.8950696
ULBP3,15.58719,6.8950696
SECTM1,15.58719,6.8950696
PLLP,15.58719,6.8950696
RPS19BP1,15.58719,6.8950696
MCTS1,15.58719,6.8950696
MRGPRX3,15.58719,6.8950696
C17orf97,15.58719,6.8950696
C1orf194,15.58719,6.8950696
BORCS8,15.58719,6.8950696
TBCA,15.58719,6.8950696
PRM2,15.58719,6.8950696
BANF1,15.58719,6.8950696
TXNL4B,15.58719,6.8950696
POTEM,15.58719,6.8950696
CDR1,15.58719,6.8950696
BOP1,15.58719,6.8950696
THEM5,15.58719,6.8950696
GAST,15.58719,6.8950696
BTF3L4,15.58719,6.8950696
SHISAL2B,15.58719,6.8950696
SYNJ2BP,15.58719,6.8950696
ANKRD66,15.58719,6.8950696
SDHAF3,15.58719,6.8950696
EIF4A1,15.58719,6.8950696
RBP1,15.58719,6.8950696
IL17B,15.58719,6.8950696
CKS1B,15.58719,6.8950696
C17orf49,15.58719,6.8950696
OPTC,15.58719,6.8950696
TMEM233,15.58719,6.8950696
CSF3,15.58719,6.8950696
COX7A1,15.58719,6.8950696
MORF4L2,15.58719,6.8950696
PLGRKT,15.58719,6.8950696
DYDC2,15.58719,6.8950696
TCEAL2,15.58719,6.8950696
GSKIP,15.58719,6.8950696
PFDN5,15.58719,6.8950696
POLR2I,15.58719,6.8950696
CYREN,15.58719,6.8950696
NSMCE2,15.58719,6.8950696
LSM2,15.58719,6.8950696
TMEM219,15.58719,6.8950696
LY6G5B,15.58719,6.8950696
CXorf21,15.58719,6.8950696
MGST1,15.58719,6.8950696
TUSC2,15.58719,6.8950696
KRTCAP3,15.58719,6.8950696
ASXL1,15.58719,6.8950696
MB,15.58719,6.8950696
TAF10,15.58719,6.8950696
GPX8,15.58719,6.8950696
S100A2,15.58719,6.8950696
TM4SF18,15.58719,6.8950696
COMMD5,15.58719,6.8950696
SLC31A2,15.58719,6.8950696
TMEM37,15.58719,6.8950696
PLA2G1B,15.58719,6.8950696
CCL23,15.58719,6.8950696
FAM9A,15.58719,6.8950696
KLLN,15.58719,6.8950696
SIAH3,15.58719,6.8950696
VAMP2,15.58719,6.8950696
IFITM2,15.58719,6.8950696
KLRC2,15.58719,6.8950696
CHCHD5,15.58719,6.8950696
KRTAP9-1,15.58719,6.8950696
ID4,15.58719,6.8950696
KRTDAP,15.58719,6.8950696
LYZL4,15.58719,6.8950696
ID2,15.58719,6.8950696
TRIM49,15.58719,6.8950696
PDCD1LG2,15.58719,6.8950696
VSTM5,15.58719,6.8950696
NUDT14,15.58719,6.8950696
KRTAP10-12,15.58719,6.8950696
DNAJB8,15.58719,6.8950696
RTP2,15.58719,6.8950696
KRTAP10-8,15.58719,6.8950696
PTPRCAP,15.58719,6.8950696
GOLT1A,15.58719,6.8950696
REG1B,15.58719,6.8950696
LCN9,15.58719,6.8950696
SCOC,15.58719,6.8950696
FAM209B,15.58719,6.8950696
TCTEX1D2,15.58719,6.8950696
UTP14A,15.58719,6.8950696
GABBR1,15.58719,6.8950696
KAT8,15.58719,6.8950696
FAM210B,15.58719,6.8950696
C20orf85,15.58719,6.8950696
C9orf152,15.58719,6.8950696
HHLA3,15.58719,6.8950696
MMP28,15.58719,6.8950696
CCL25,15.58719,6.8950696
NUP88,15.58719,6.8950696
SLC23A2,15.58719,6.8950696
LZIC,15.58719,6.8950696
SNX12,15.58719,6.8950696
C10orf67,15.58719,6.8950696
NAP1L5,15.58719,6.8950696
PDZD11,15.58719,6.8950696
RPS21,15.58719,6.8950696
ZNF705G,15.58719,6.8950696
AIF1,15.58719,6.8950696
UQCRH,15.58719,6.8950696
RPL36A,15.58719,6.8950696
KCNMB4,15.58719,6.8950696
ARL14EPL,15.58719,6.8950696
POTEI,15.58719,6.8950696
CD58,15.58719,6.8950696
TMEM156,15.58719,6.8950696
VXN,15.58719,6.8950696
ERFE,15.58719,6.8950696
DPY30,15.58719,6.8950696
MS4A4A,15.58719,6.8950696
PRAMEF4,15.58719,6.8950696
DEPDC4,15.58719,6.8950696
GKN1,15.58719,6.8950696
SENP8,15.58719,6.8950696
SAA1,15.58719,6.8950696
SSX3,15.58719,6.8950696
CXorf40A,15.58719,6.8950696
PCSK1N,15.58719,6.8950696
SLC15A2,15.58719,6.8950696
ACYP2,15.58719,6.8950696
BCL2L15,15.58719,6.8950696
C6orf52,15.58719,6.8950696
C17orf96,15.58719,6.8950696
FAM71C,15.58719,6.8950696
PIGH,15.58719,6.8950696
TAS2R7,15.58719,6.8950696
MS4A7,15.58719,6.8950696
ZNRD1,15.58719,6.8950696
RNF222,15.58719,6.8950696
PLA2G2D,15.58719,6.8950696
GPX1,15.58719,6.8950696
FAM174B,15.58719,6.8950696
DIRAS3,15.58719,6.8950696
C3orf62,15.58719,6.8950696
INMT,15.58719,6.8950696
TNFSF18,15.58719,6.8950696
MEA1,15.58719,6.8950696
C4A,15.58719,6.8950696
COX7A2L,15.58719,6.8950696
CCDC152,15.58719,6.8950696
ULBP1,15.58719,6.8950696
PGPEP1L,15.58719,6.8950696
LRRC10,15.58719,6.8950696
NINJ2,15.58719,6.8950696
PIFO,15.58719,6.8950696
SCIMP,15.58719,6.8950696
CCZ1B,15.58719,6.8950696
MAGEB4,15.58719,6.8950696
PAIP2B,15.58719,6.8950696
LYRM9,15.58719,6.8950696
CCL14,15.58719,6.8950696
IL17F,15.58719,6.8950696
LRRC37A2,15.58719,6.8950696
PRR23B,15.58719,6.8950696
CSTL1,15.58719,6.8950696
PFDN6,15.58719,6.8950696
TMEM218,15.58719,6.8950696
MAGEB2,15.58719,6.8950696
CROT,15.58719,6.8950696
CAMK2N2,15.58719,6.8950696
APOL6,15.58719,6.8950696
CAMSAP1,15.58719,6.8950696
MAS1L,15.58719,6.8950696
MARCKS,15.58719,6.8950696
GSTA3,15.58719,6.8950696
ARMH2,15.58719,6.8950696
SRPX2,15.58719,6.8950696
RNF24,15.58719,6.8950696
MAGEB5,15.58719,6.8950696
TMEM107,15.58719,6.8950696
FAM180B,15.58719,6.8950696
DAOA,15.58719,6.8950696
CHCHD1,15.58719,6.8950696
FNDC8,15.58719,6.8950696
CDK2AP1,15.58719,6.8950696
MAGEB3,15.58719,6.8950696
SPATA9,15.58719,6.8950696
TSPAN16,15.58719,6.8950696
RLN1,15.58719,6.8950696
EVA1B,15.58719,6.8950696
DDX5,15.58719,6.8950696
ORC1,15.58719,6.8950696
ALAD,15.58719,6.8950696
NEDD8,15.58719,6.8950696
TMEM126A,15.58719,6.8950696
JPT2,15.58719,6.8950696
AMY1C,15.58719,6.8950696
ASCL5,15.58719,6.8950696
SNRPC,15.58719,6.8950696
SLC6A9,15.58719,6.8950696
TM4SF20,15.58719,6.8950696
KRTAP4-11,15.58719,6.8950696
HEG1,15.58719,6.8950696
LURAP1L,15.58719,6.8950696
RGS21,15.58719,6.8950696
RNF11,15.58719,6.8950696
CCDC188,15.58719,6.8950696
CALY,15.58719,6.8950696
GPX2,15.58719,6.8950696
PPP1R14C,15.58719,6.8950696
TMEM213,15.58719,6.8950696
FAM209A,15.58719,6.8950696
IQCF6,15.58719,6.8950696
CFAP126,15.58719,6.8950696
TAS2R10,15.58719,6.8950696
SHISA4,15.58719,6.8950696
CLEC4E,15.58719,6.8950696
C1orf226,15.58719,6.8950696
C11orf88,15.58719,6.8950696
MS4A4E,15.58719,6.8950696
GM2A,15.58719,6.8950696
C5orf52,15.58719,6.8950696
TAS2R39,15.58719,6.8950696
AGO1,15.58719,6.8950696
HIST1H1T,15.58719,6.8950696
TSLP,15.58719,6.8950696
NUP107,15.58719,6.8950696
GEMIN7,15.58719,6.8950696
RNASE4,15.58719,6.8950696
GPIHBP1,15.58719,6.8950696
C10orf95,15.58719,6.8950696
KLRF1,15.58719,6.8950696
SNRPA,15.58719,6.8950696
COX5B,15.58719,6.8950696
TMEM65,15.58719,6.8950696
CALML6,15.58719,6.8950696
MS4A6A,15.58719,6.8950696
ANG,15.58719,6.8950696
DYNLL2,15.58719,6.8950696
LECT2,15.58719,6.8950696
PDCL2,15.58719,6.8950696
CDV3,15.58719,6.8950696
TCTEX1D1,15.58719,6.8950696
TNFSF8,15.58719,6.8950696
EDDM3B,15.58719,6.8950696
LCN12,15.58719,6.8950696
CD300LD,15.58719,6.8950696
RLN2,15.58719,6.8950696
CASC10,15.58719,6.8950696
GPR141,15.58719,6.8950696
IGSF6,15.58719,6.8950696
SPINK5,15.58719,6.8950696
DEPP1,15.58719,6.8950696
TSR2,15.58719,6.8950696
LTA,15.58719,6.8950696
RD3,15.58719,6.8950696
GRK5,15.58719,6.8950696
ARRDC5,15.58719,6.8950696
BEX4,15.58719,6.8950696
SNURF,15.58719,6.8950696
CLEC12A,15.58719,6.8950696
TMEM123,15.58719,6.8950696
IRF3,15.58719,6.8950696
GCSAM,15.58719,6.8950696
ERP27,15.58719,6.8950696
NSG1,15.58719,6.8950696
DNAJC15,15.58719,6.8950696
CCDC85B,15.58719,6.8950696
KRTAP10-9,15.58719,6.8950696
KRTCAP2,15.58719,6.8950696
ATP6V1G3,15.58719,6.8950696
FXYD1,15.58719,6.8950696
OMP,15.58719,6.8950696
CTAG2,15.58719,6.8950696
CCRL2,15.58719,6.8950696
PSMD10,15.58719,6.8950696
COMMD2,15.58719,6.8950696
DPPA5,15.58719,6.8950696
OTUD6A,15.58719,6.8950696
FAM169B,15.58719,6.8950696
RPL32,15.58719,6.8950696
SRP9,15.58719,6.8950696
LCN10,15.58719,6.8950696
KIAA0895,15.58719,6.8950696
CHCHD10,15.58719,6.8950696
CCDC171,15.58719,6.8950696
TAS2R60,15.58719,6.8950696
HSPB11,15.58719,6.8950696
SPACA7,15.58719,6.8950696
B4GALNT3,15.58719,6.8950696
LAMTOR1,15.58719,6.8950696
MBL2,15.58719,6.8950696
HIST3H3,15.58719,6.8950696
PRAP1,15.58719,6.8950696
METTL3,15.58719,6.8950696
SLC22A18AS,15.58719,6.8950696
CBWD1,15.58719,6.8950696
GLRX2,15.58719,6.8950696
SNX3,15.58719,6.8950696
APOC3,15.58719,6.8950696
NANOGNB,15.58719,6.8950696
IL25,15.58719,6.8950696
BAALC,15.58719,6.8950696
CARD16,15.58719,6.8950696
OCM,15.58719,6.8950696
CEBPG,15.58719,6.8950696
C1orf105,15.58719,6.8950696
ATP5PF,15.58719,6.8950696
PRND,15.58719,6.8950696
MAGEA12,15.58719,6.8950696
MAGEA10,15.58719,6.8950696
IL1RN,15.58719,6.8950696
VGLL1,15.58719,6.8950696
PHLDA2,15.58719,6.8950696
CNTD2,15.58719,6.8950696
IL24,15.58719,6.8950696
ACVR2A,15.58719,6.8950696
ELOB,15.58719,6.8950696
BATF,15.58719,6.8950696
POLR3G,15.58719,6.8950696
DYNLL1,15.58719,6.8950696
JUND,15.58719,6.8950696
CD160,15.58719,6.8950696
FAM207A,15.58719,6.8950696
APOD,15.58719,6.8950696
LYRM2,15.58719,6.8950696
IMMP2L,15.58719,6.8950696
CISD1,15.58719,6.8950696
AC005841.1,15.58719,6.8950696
RRP15,15.58719,6.8950696
LGALS9C,15.58719,6.8950696
DRAP1,15.58719,6.8950696
OPRPN,15.58719,6.8950696
MS4A1,15.58719,6.8950696
UTS2B,15.58719,6.8950696
APOOL,15.58719,6.8950696
CLRN3,15.58719,6.8950696
ZNF444,15.58719,6.8950696
CMTM1,15.58719,6.8950696
MCEE,15.58719,6.8950696
BOLA3,15.58719,6.8950696
PMP2,15.58719,6.8950696
TNFSF9,15.58719,6.8950696
TEX47,15.58719,6.8950696
DYDC1,15.58719,6.8950696
OCIAD2,15.58719,6.8950696
AL121963.1,15.58719,6.8950696
C14orf119,15.58719,6.8950696
DNAL1,15.58719,6.8950696
TSKU,15.58719,6.8950696
SPATA46,15.58719,6.8950696
CCDC28B,15.58719,6.8950696
MANSC4,15.58719,6.8950696
BCAS4,15.58719,6.8950696
PRXL2C,15.58719,6.8950696
SSC4D,15.58719,6.8950696
MS4A10,15.58719,6.8950696
TEX30,15.58719,6.8950696
UBL5,15.58719,6.8950696
CGGBP1,15.58719,6.8950696
SIGLECL1,15.58719,6.8950696
TMEM170A,15.58719,6.8950696
SSX5,15.58719,6.8950696
LYRM4,15.58719,6.8950696
TMEM17,15.58719,6.8950696
EPGN,15.58719,6.8950696
PIGF,15.58719,6.8950696
LCN6,15.58719,6.8950696
MIS18A,15.58719,6.8950696
C2orf74,15.58719,6.8950696
ARL16,15.58719,6.8950696
DCAF16,15.58719,6.8950696
BID,15.58719,6.8950696
TMUB1,15.58719,6.8950696
XG,15.58719,6.8950696
ARHGEF6,15.58719,6.8950696
RSPH10B,15.58719,6.8950696
TAS2R19,15.58719,6.8950696
CCL3L3,15.58719,6.8950696
GEMIN6,15.58719,6.8950696
TMED2,15.58719,6.8950696
MRGPRX2,15.58719,6.8950696
HARS2,15.58719,6.8950696
C12orf76,15.58719,6.8950696
SYNGR4,15.58719,6.8950696
FCER1A,15.58719,6.8950696
TIMM22,15.58719,6.8950696
VSTM1,15.58719,6.8950696
MPHOSPH6,15.58719,6.8950696
PTGES,15.58719,6.8950696
SH2D1B,15.58719,6.8950696
C22orf42,15.58719,6.8950696
TMEM179B,15.58719,6.8950696
TP53INP2,15.58719,6.8950696
TBC1D28,15.58719,6.8950696
H2BFM,15.58719,6.8950696
CD164L2,15.58719,6.8950696
ZNF720,15.58719,6.8950696
EIF4EBP2,15.58719,6.8950696
C8orf82,15.58719,6.8950696
CBWD3,15.58719,6.8950696
SMIM7,15.58719,6.8950696
NOMO2,15.58719,6.8950696
ORMDL1,15.58719,6.8950696
JPT1,15.58719,6.8950696
FPR1,15.58719,6.8950696
PAXX,15.58719,6.8950696
SKA2,15.58719,6.8950696
PRH1,15.58719,6.8950696
BOLA1,15.58719,6.8950696
PFDN1,15.58719,6.8950696
SAT2,15.58719,6.8950696
NKAIN4,15.58719,6.8950696
CDKN2C,15.58719,6.8950696
RGS9BP,15.58719,6.8950696
C2orf49,15.58719,6.8950696
LEPROT,15.58719,6.8950696
TCP10L,15.58719,6.8950696
EEF1E1,15.58719,6.8950696
CIAO2B,15.58719,6.8950696
PRH2,15.58719,6.8950696
CYLC2,15.58719,6.8950696
MED28,15.58719,6.8950696
CNFN,15.58719,6.8950696
TMEM254,15.58719,6.8950696
LRRC26,15.58719,6.8950696
CRABP2,15.58719,6.8950696
ZC3HAV1L,15.58719,6.8950696
RNF223,15.58719,6.8950696
HPGDS,15.58719,6.8950696
CARTPT,15.58719,6.8950696
MCOLN3,15.58719,6.8950696
AKIP1,15.58719,6.8950696
IL1A,15.58719,6.8950696
MAL2,15.58719,6.8950696
ATP5F1D,15.58719,6.8950696
GOLGA8H,15.58719,6.8950696
GPS1,15.58719,6.8950696
KCNRG,15.58719,6.8950696
NAT2,15.58719,6.8950696
SNRPD2,15.58719,6.8950696
KRTAP11-1,15.58719,6.8950696
NSG2,15.58719,6.8950696
ZG16,15.58719,6.8950696
COPRS,15.58719,6.8950696
ETFRF1,15.58719,6.8950696
C6orf120,15.58719,6.8950696
CYP27B1,15.58719,6.8950696
MAP1LC3B2,15.58719,6.8950696
RNF186,15.58719,6.8950696
FAM162A,15.58719,6.8950696
KCNQ5,15.58719,6.8950696
FAM228A,15.58719,6.8950696
LST1,15.58719,6.8950696
C1orf53,15.58719,6.8950696
CD200R1L,15.58719,6.8950696
RWDD3,15.58719,6.8950696
ZFAND2A,15.58719,6.8950696
SPIN3,15.58719,6.8950696
MEF2D,15.58719,6.8950696
LMNB2,15.58719,6.8950696
LSMEM2,15.58719,6.8950696
IQCF1,15.58719,6.8950696
C19orf84,15.58719,6.8950696
SLC35G5,15.58719,6.8950696
PPP5D1,15.58719,6.8950696
ODF3,15.58719,6.8950696
C22orf46,15.58719,6.8950696
DAP,15.58719,6.8950696
TAS2R20,15.58719,6.8950696
GNLY,15.58719,6.8950696
ROMO1,15.58719,6.8950696
C8orf74,15.58719,6.8950696
ALKAL2,15.58719,6.8950696
LRRC10B,15.58719,6.8950696
LGALS13,15.58719,6.8950696
SNRPD1,15.58719,6.8950696
CXorf30,15.58719,6.8950696
CNIH2,15.58719,6.8950696
MTIF2,15.58719,6.8950696
PPP3R2,15.58719,6.8950696
RNF208,15.58719,6.8950696
RRM2,15.58719,6.8950696
FAM120AOS,15.58719,6.8950696
GTF3C6,15.58719,6.8950696
LAPTM5,15.58719,6.8950696
IL19,15.58719,6.8950696
FAM89A,15.58719,6.8950696
C20orf202,15.58719,6.8950696
POLR2J,15.58719,6.8950696
CTNNBIP1,15.58719,6.8950696
SAT1,15.58719,6.8950696
LCAT,15.58719,6.8950696
TIMM13,15.58719,6.8950696
ZCCHC10,15.58719,6.8950696
FAM3C,15.58719,6.8950696
AC026202.1,15.58719,6.8950696
EREG,15.58719,6.8950696
LY6H,15.58719,6.8950696
TMEM31,15.58719,6.8950696
C8orf33,15.58719,6.8950696
ZNF124,15.58719,6.8950696
TMEM54,15.58719,6.8950696
OSR1,15.58719,6.8950696
TMEM52B,15.58719,6.8950696
AWAT1,15.58719,6.8950696
KNDC1,15.58719,6.8950696
GPR160,15.58719,6.8950696
COTL1,15.58719,6.8950696
LEP,15.58719,6.8950696
NRM,15.58719,6.8950696
CABCOCO1,15.58719,6.8950696
DAB2IP,15.58719,6.8950696
TRIM46,15.58719,6.8950696
TDGF1,15.58719,6.8950696
THEM4,15.58719,6.8950696
SPINT3,15.58719,6.8950696
NXNL2,15.58719,6.8950696
RAB41,15.58719,6.8950696
SPATA8,15.58719,6.8950696
TMEM190,15.58719,6.8950696
ERH,15.58719,6.8950696
FGFBP3,15.58719,6.8950696
LAMTOR2,15.58719,6.8950696
KRTAP10-5,15.58719,6.8950696
LY96,15.58719,6.8950696
CATSPER2,15.58719,6.8950696
NXT2,15.58719,6.8950696
HNRNPA1L2,15.58719,6.8950696
RPL22L1,15.58719,6.8950696
CLEC4D,15.58719,6.8950696
DUSP21,15.58719,6.8950696
FAM122A,15.58719,6.8950696
SH3BGRL,15.58719,6.8950696
MMAA,15.58719,6.8950696
FBXL15,15.58719,6.8950696
C8B,15.58719,6.8950696
PRR34,15.58719,6.8950696
DUSP19,15.58719,6.8950696
RFLNA,15.58719,6.8950696
TCTEX1D4,15.58719,6.8950696
POP7,15.58719,6.8950696
C15orf62,15.58719,6.8950696
GOLGA6L9,15.58719,6.8950696
SH3BGRL2,15.58719,6.8950696
CIART,15.58719,6.8950696
EBF2,15.58719,6.8950696
GMPPB,15.58719,6.8950696
CNIH4,15.58719,6.8950696
ECHDC3,15.58719,6.8950696
CRP,15.58719,6.8950696
STAU2,15.58719,6.8950696
PDXP,15.58719,6.8950696
BRI3,15.58719,6.8950696
BTG2,15.58719,6.8950696
RFPL4B,15.58719,6.8950696
ZCCHC18,15.58719,6.8950696
ARIH2OS,15.58719,6.8950696
MRPS12,15.58719,6.8950696
ALG1,15.58719,6.8950696
C17orf58,15.58719,6.8950696
DEFB125,15.58719,6.8950696
PRR29,15.58719,6.8950696
SLC48A1,15.58719,6.8950696
FADD,15.58719,6.8950696
DNLZ,15.58719,6.8950696
LRRC73,15.58719,6.8950696
CLEC2B,15.58719,6.8950696
SLC35G3,15.58719,6.8950696
BIRC8,15.58719,6.8950696
SCRT1,15.58719,6.8950696
HIKESHI,15.58719,6.8950696
PRR22,15.58719,6.8950696
IFITM5,15.58719,6.8950696
KRTAP24-1,15.58719,6.8950696
CLEC2D,15.58719,6.8950696
CD80,15.58719,6.8950696
TGFA,15.58719,6.8950696
TMEM217,15.58719,6.8950696
BCL2A1,15.58719,6.8950696
HACD4,15.58719,6.8950696
IL17A,15.58719,6.8950696
SRXN1,15.58719,6.8950696
FIBIN,15.58719,6.8950696
PTRHD1,15.58719,6.8950696
CLEC6A,15.58719,6.8950696
EPB41L1,15.58719,6.8950696
C16orf54,15.58719,6.8950696
TFF2,15.58719,6.8950696
SORBS3,15.58719,6.8950696
VN1R2,15.58719,6.8950696
IL17C,15.58719,6.8950696
C4orf17,15.58719,6.8950696
FMR1NB,15.58719,6.8950696
RBP5,15.58719,6.8950696
CCDC117,15.58719,6.8950696
CTLA4,15.58719,6.8950696
MRGPRG,15.58719,6.8950696
IFNE,15.58719,6.8950696
RNF122,15.58719,6.8950696
ARPC5L,15.58719,6.8950696
C17orf107,15.58719,6.8950696
C16orf45,15.58719,6.8950696
FCGR2A,15.58719,6.8950696
TRAT1,15.58719,6.8950696
JOSD2,15.58719,6.8950696
SUMO2,15.58719,6.8950696
GAL,15.58719,6.8950696
SPACA1,15.58719,6.8950696
C1orf131,15.58719,6.8950696
FANCF,15.58719,6.8950696
ADM5,15.58719,6.8950696
WFDC5,15.58719,6.8950696
BAG2,15.58719,6.8950696
NDUFB5,15.58719,6.8950696
TMCO2,15.58719,6.8950696
DNAJB7,15.58719,6.8950696
TCL1A,15.58719,6.8950696
POM121L12,15.58719,6.8950696
DNAJC6,15.58719,6.8950696
CACNA1E,15.58719,6.8950696
GABARAPL1,15.58719,6.8950696
RAMAC,15.58719,6.8950696
FAM133A,15.58719,6.8950696
FAM170B,15.58719,6.8950696
CPLX3,15.58719,6.8950696
TMEM251,15.58719,6.8950696
SLC10A5,15.58719,6.8950696
LYNX1,15.58719,6.8950696
TLNRD1,15.58719,6.8950696
THBS2,15.58719,6.8950696
PUDP,15.58719,6.8950696
C1orf68,15.58719,6.8950696
TERB2,15.58719,6.8950696
PDCD5,15.58719,6.8950696
PCBP1,15.58719,6.8950696
ROPN1B,15.58719,6.8950696
HINT3,15.58719,6.8950696
LCN2,15.58719,6.8950696
C3orf70,15.58719,6.8950696
MYDGF,15.58719,6.8950696
REX1BD,15.58719,6.8950696
RDM1,15.58719,6.8950696
ESM1,15.58719,6.8950696
ERP29,15.58719,6.8950696
ARPC3,15.58719,6.8950696
KLHL40,15.58719,6.8950696
DNAL4,15.58719,6.8950696
GPR82,15.58719,6.8950696
ARL2BP,15.58719,6.8950696
FAM177B,15.58719,6.8950696
TXNDC17,15.58719,6.8950696
COMMD4,15.58719,6.8950696
GPR148,15.58719,6.8950696
FTL,15.58719,6.8950696
TXNDC12,15.58719,6.8950696
COX6B2,15.58719,6.8950696
C19orf81,15.58719,6.8950696
DEFB119,15.58719,6.8950696
GIMAP1,15.58719,6.8950696
HIP1,15.58719,6.8950696
SDHAF4,15.58719,6.8950696
CLEC3B,15.58719,6.8950696
PGA4,15.58719,6.8950696
POLR2D,15.58719,6.8950696
RPH3A,15.58719,6.8950696
SNAI3,15.58719,6.8950696
THY1,15.58719,6.8950696
SNRPB2,15.58719,6.8950696
NICN1,15.58719,6.8950696
RAET1G,15.58719,6.8950696
MYL7,15.58719,6.8950696
CCDC54,15.58719,6.8950696
UBE2QL1,15.58719,6.8950696
CETN1,15.58719,6.8950696
HSPA6,15.58719,6.8950696
TRAPPC5,15.58719,6.8950696
SLAMF1,15.58719,6.8950696
LGALS14,15.58719,6.8950696
GIMAP4,15.58719,6.8950696
TRAPPC6A,15.58719,6.8950696
LGALS1,15.58719,6.8950696
ERG28,15.58719,6.8950696
TMEM230,15.58719,6.8950696
PGLYRP1,15.58719,6.8950696
AIM2,15.58719,6.8950696
NDUFS6,15.58719,6.8950696
SREK1IP1,15.58719,6.8950696
ARL5C,15.58719,6.8950696
GREM2,15.58719,6.8950696
USP17L2,15.58719,6.8950696
RWDD1,15.58719,6.8950696
DR1,15.58719,6.8950696
CD8B,15.58719,6.8950696
DDIT3,15.58719,6.8950696
C19orf38,15.58719,6.8950696
PSMG4,15.58719,6.8950696
RTP3,15.58719,6.8950696
TFDP3,15.58719,6.8950696
IL36B,15.58719,6.8950696
HBE1,15.58719,6.8950696
PCBD1,15.58719,6.8950696
GSTO1,15.58719,6.8950696
SPX,15.58719,6.8950696
FNDC9,15.58719,6.8950696
SPCS1,15.58719,6.8950696
COMMD6,15.58719,6.8950696
CPLX1,15.58719,6.8950696
PRSS46P,15.58719,6.8950696
CEMP1,15.58719,6.8950696
KLF14,15.58719,6.8950696
CCZ1,15.58719,6.8950696
MRGPRD,15.58719,6.8950696
PXDC1,15.58719,6.8950696
UBE2U,15.58719,6.8950696
SKIL,15.58719,6.8950696
SHLD3,15.58719,6.8950696
CLDN34,15.58719,6.8950696
DYNLT1,15.58719,6.8950696
CPLX2,15.58719,6.8950696
TBC1D4,15.58719,6.8950696
GLYATL2,15.58719,6.8950696
LYPLAL1,15.58719,6.8950696
TMIGD2,15.58719,6.8950696
SPA17,15.58719,6.8950696
AKAP14,15.58719,6.8950696
EIF2B5,15.58719,6.8950696
C6orf223,15.58719,6.8950696
ID1,15.58719,6.8950696
ARMCX2,15.58719,6.8950696
PRDX1,15.58719,6.8950696
ZNF547,15.58719,6.8950696
MOBP,15.58719,6.8950696
RFPL1,15.58719,6.8950696
FUNDC1,15.58719,6.8950696
HAVCR2,15.58719,6.8950696
ATP6AP2,15.58719,6.8950696
TAT,15.58719,6.8950696
DRAM1,15.58719,6.8950696
NUTF2,15.58719,6.8950696
AKAP5,15.58719,6.8950696
MRGPRE,15.58719,6.8950696
IL11,15.58719,6.8950696
CD48,15.58719,6.8950696
MKRN2OS,15.58719,6.8950696
DDIT4L,15.58719,6.8950696
HDHD2,15.58719,6.8950696
KCND3,15.58719,6.8950696
HIST1H3H,15.58719,6.8950696
CCK,15.58719,6.8950696
SDC4,15.58719,6.8950696
SSR4,15.58719,6.8950696
SV2B,15.58719,6.8950696
NPIPB15,15.58719,6.8950696
ARMC7,15.58719,6.8950696
CD69,15.58719,6.8950696
GAP43,15.58719,6.8950696
NREP,15.58719,6.8950696
LRRC3,15.58719,6.8950696
PGM2,15.58719,6.8950696
DNAJC5G,15.58719,6.8950696
ZNF552,15.58719,6.8950696
PGF,15.58719,6.8950696
ATP5PD,15.58719,6.8950696
KHDC3L,15.58719,6.8950696
VAMP3,15.58719,6.8950696
PFDN2,15.58719,6.8950696
RGS16,15.58719,6.8950696
TAS2R5,15.58719,6.8950696
GPR89B,15.58719,6.8950696
HBQ1,15.58719,6.8950696
NANOS1,15.58719,6.8950696
NUDT3,15.58719,6.8950696
NPPC,15.58719,6.8950696
ZNF615,15.58719,6.8950696
IL6,15.58719,6.8950696
FAM19A5,15.58719,6.8950696
SSNA1,15.58719,6.8950696
CYB5A,15.58719,6.8950696
SZRD1,15.58719,6.8950696
CSN1S1,15.58719,6.8950696
PLD6,15.58719,6.8950696
ARMCX5,15.58719,6.8950696
FSHB,15.58719,6.8950696
GPSM3,15.58719,6.8950696
NME5,15.58719,6.8950696
PHF5A,15.58719,6.8950696
IL17D,15.58719,6.8950696
SERBP1,15.58719,6.8950696
MDK,15.58719,6.8950696
RWDD4,15.58719,6.8950696
PRKX,15.58719,6.8950696
ARPC5,15.58719,6.8950696
ZC3H12B,15.58719,6.8950696
ATP5MC3,15.58719,6.8950696
MAP1LC3A,15.58719,6.8950696
PTTG1IP,15.58719,6.8950696
CENPM,15.58719,6.8950696
C17orf51,15.58719,6.8950696
NDN,15.58719,6.8950696
MCFD2,15.58719,6.8950696
EHD3,15.58719,6.8950696
TVP23B,15.58719,6.8950696
FAM167B,15.58719,6.8950696
EFHD1,15.58719,6.8950696
SNX29,15.58719,6.8950696
GPR89A,15.58719,6.8950696
PAM16,15.58719,6.8950696
GSTM4,15.58719,6.8950696
DNAJC19,15.58719,6.8950696
MAGEB10,15.58719,6.8950696
CANT1,15.58719,6.8950696
FKBP1A,15.58719,6.8950696
C11orf58,15.58719,6.8950696
CDSN,15.58719,6.8950696
TMC6,15.58719,6.8950696
RGPD8,15.58719,6.8950696
ISG20,15.58719,6.8950696
NPM2,15.58719,6.8950696
TAAR8,15.58719,6.8950696
RD3L,15.58719,6.8950696
RBM43,15.58719,6.8950696
NDUFA7,15.58719,6.8950696
GPBAR1,15.58719,6.8950696
TMEM50B,15.58719,6.8950696
HMSD,15.58719,6.8950696
ARHGAP39,15.58719,6.8950696
PDZK1,15.58719,6.8950696
GLIPR1L1,15.58719,6.8950696
RTL6,15.58719,6.8950696
TAOK3,15.58719,6.8950696
MAGEF1,15.58719,6.8950696
MYEOV,15.58719,6.8950696
MSANTD1,15.58719,6.8950696
PER1,15.58719,6.8950696
GCSH,15.58719,6.8950696
RGS10,15.58719,6.8950696
CLEC7A,15.58719,6.8950696
VBP1,15.58719,6.8950696
GADD45A,15.58719,6.8950696
CLEC1B,15.58719,6.8950696
ROPN1L,15.58719,6.8950696
KRT75,15.58719,6.8950696
BLOC1S2,15.58719,6.8950696
HAMP,15.58719,6.8950696
CDC42EP3,15.58719,6.8950696
CACNG6,15.58719,6.8950696
PCSK5,15.58719,6.8950696
NANOG,15.58719,6.8950696
TBX4,15.58719,6.8950696
SDC2,15.58719,6.8950696
RTP1,15.58719,6.8950696
RPS28,15.58719,6.8950696
PROK2,15.58719,6.8950696
CCER2,15.58719,6.8950696
MCF2L2,15.58719,6.8950696
RPL29,15.58719,6.8950696
ITGB2,15.58719,6.8950696
KLF8,15.58719,6.8950696
NUDT11,15.58719,6.8950696
NKAPD1,15.58719,6.8950696
SUSD3,15.58719,6.8950696
RIPPLY3,15.58719,6.8950696
NHP2,15.58719,6.8950696
SPP1,15.58719,6.8950696
MAGEB1,15.58719,6.8950696
HIST1H2AK,15.58719,6.8950696
TPPP3,15.58719,6.8950696
INSL6,15.58719,6.8950696
CPXCR1,15.58719,6.8950696
SELPLG,15.58719,6.8950696
MAGEB17,15.58719,6.8950696
PTPN20B,15.58719,6.8950696
TRARG1,15.58719,6.8950696
DMPK,15.58719,6.8950696
ARL11,15.58719,6.8950696
CSPP1,15.58719,6.8950696
PEA15,15.58719,6.8950696
UQCC2,15.58719,6.8950696
NFYB,15.58719,6.8950696
TALDO1,15.58719,6.8950696
FAM219B,15.58719,6.8950696
IFT22,15.58719,6.8950696
CWC15,15.58719,6.8950696
LSM6,15.58719,6.8950696
GSTA4,15.58719,6.8950696
DPY19L3,15.58719,6.8950696
RELL2,15.58719,6.8950696
FAM71E1,15.58719,6.8950696
BTG4,15.58719,6.8950696
FAM220A,15.58719,6.8950696
IQCJ,15.58719,6.8950696
APCS,15.58719,6.8950696
TEX13B,15.58719,6.8950696
CBY3,15.58719,6.8950696
CXorf56,15.58719,6.8950696
ARL6IP5,15.58719,6.8950696
ANGPTL8,15.58719,6.8950696
MED10,15.58719,6.8950696
EIF5A2,15.58719,6.8950696
SFT2D1,15.58719,6.8950696
FBXO36,15.58719,6.8950696
RFXAP,15.58719,6.8950696
BSPH1,15.58719,6.8950696
MIS12,15.58719,6.8950696
RNASEK,15.58719,6.8950696
KCNMB3,15.58719,6.8950696
TPT1,15.58719,6.8950696
CCDC190,15.58719,6.8950696
ART4,15.58719,6.8950696
LAMTOR3,15.58719,6.8950696
CMTM4,15.58719,6.8950696
XAF1,15.58719,6.8950696
COL25A1,15.58719,6.8950696
SMCO2,15.58719,6.8950696
TXN2,15.58719,6.8950696
GOLGA8M,15.58719,6.8950696
MYL5,15.58719,6.8950696
SDHAF1,15.58719,6.8950696
KRT5,15.58719,6.8950696
CREG1,15.58719,6.8950696
LRRC61,15.58719,6.8950696
CITED1,15.58719,6.8950696
MED11,15.58719,6.8950696
PHPT1,15.58719,6.8950696
ZSWIM7,15.58719,6.8950696
CDCA5,15.58719,6.8950696
SNAPIN,15.58719,6.8950696
NANP,15.58719,6.8950696
HEBP2,15.58719,6.8950696
ELOF1,15.58719,6.8950696
CAVIN3,15.58719,6.8950696
NDST4,15.58719,6.8950696
FRG1,15.58719,6.8950696
OOEP,15.58719,6.8950696
RFK,15.58719,6.8950696
KLHL32,15.58719,6.8950696
COA3,15.58719,6.8950696
TMEM176A,15.58719,6.8950696
TRAF7,15.58719,6.8950696
CCDC124,15.58719,6.8950696
LYZL1,15.58719,6.8950696
CKMT1A,15.58719,6.8950696
RFPL3,15.58719,6.8950696
HIST1H3A,15.58719,6.8950696
IFNK,15.58719,6.8950696
IQCF3,15.58719,6.8950696
SPART,15.58719,6.8950696
SFT2D2,15.58719,6.8950696
HSPA9,15.58719,6.8950696
COA7,15.58719,6.8950696
DPM3,15.58719,6.8950696
RASAL2,15.58719,6.8950696
TMEM35A,15.58719,6.8950696
GIMAP5,15.58719,6.8950696
RASSF3,15.58719,6.8950696
CALHM2,15.58719,6.8950696
GSTP1,15.58719,6.8950696
LYSMD4,15.58719,6.8950696
SPCS2,15.58719,6.8950696
BIRC5,15.58719,6.8950696
PIR,15.58719,6.8950696
GPHA2,15.58719,6.8950696
C1orf56,15.58719,6.8950696
C19orf25,15.58719,6.8950696
CATSPERZ,15.58719,6.8950696
OXER1,15.58719,6.8950696
RAP2C,15.58719,6.8950696
UBALD1,15.58719,6.8950696
RBPMS2,15.58719,6.8950696
CCDC172,15.58719,6.8950696
AP3S1,15.58719,6.8950696
FGFBP2,15.58719,6.8950696
UQCRQ,15.58719,6.8950696
C6orf203,15.58719,6.8950696
C9orf135,15.58719,6.8950696
C1orf141,15.58719,6.8950696
KIR3DL3,15.58719,6.8950696
TRIM37,15.58719,6.8950696
PLK5,15.58719,6.8950696
JTB,15.58719,6.8950696
NAIF1,15.58719,6.8950696
CYSLTR2,15.58719,6.8950696
C18orf21,15.58719,6.8950696
SPACA9,15.58719,6.8950696
YBEY,15.58719,6.8950696
EVI2A,15.58719,6.8950696
POLE4,15.58719,6.8950696
PPP1R1A,15.58719,6.8950696
CFL1,15.58719,6.8950696
SERTAD2,15.58719,6.8950696
AGAP5,15.58719,6.8950696
PPIH,15.58719,6.8950696
NAA80,15.58719,6.8950696
MED21,15.58719,6.8950696
TOB2,15.58719,6.8950696
C17orf78,15.58719,6.8950696
KLF13,15.58719,6.8950696
GLT6D1,15.58719,6.8950696
HES3,15.58719,6.8950696
CCDC89,15.58719,6.8950696
TIGIT,15.58719,6.8950696
CHAC2,15.58719,6.8950696
HMGN1,15.58719,6.8950696
AGR2,15.58719,6.8950696
FAM19A4,15.58719,6.8950696
WFDC2,15.58719,6.8950696
MID1IP1,15.58719,6.8950696
STPG4,15.58719,6.8950696
UBE2D4,15.58719,6.8950696
TMEM242,15.58719,6.8950696
CNRIP1,15.58719,6.8950696
C19orf12,15.58719,6.8950696
CRADD,15.58719,6.8950696
CFAP299,15.58719,6.8950696
PROSER2,15.58719,6.8950696
PAGR1,15.58719,6.8950696
METTL7A,15.58719,6.8950696
UBE2L3,15.58719,6.8950696
PRADC1,15.58719,6.8950696
AKR1B15,15.58719,6.8950696
LNP1,15.58719,6.8950696
EEF1AKMT1,15.58719,6.8950696
LIN28A,15.58719,6.8950696
C8orf48,15.58719,6.8950696
KRTAP10-7,15.58719,6.8950696
PHOSPHO2,15.58719,6.8950696
MPC2,15.58719,6.8950696
KCNE2,15.58719,6.8950696
PRKACG,15.58719,6.8950696
RAI2,15.58719,6.8950696
PLA2G4E,15.58719,6.8950696
LILRA5,15.58719,6.8950696
MRAP2,15.58719,6.8950696
FREM3,15.58719,6.8950696
ABCG5,15.58719,6.8950696
SIM2,15.58719,6.8950696
TMEM160,15.58719,6.8950696
PRAMEF20,15.58719,6.8950696
ASB9,15.58719,6.8950696
CRISP1,15.58719,6.8950696
IQCK,15.58719,6.8950696
BTN3A2,15.58719,6.8950696
TREML1,15.58719,6.8950696
LTB4R,15.58719,6.8950696
BLOC1S6,15.58719,6.8950696
COX5A,15.58719,6.8950696
SFR1,15.58719,6.8950696
AAMDC,15.58719,6.8950696
WRB,15.58719,6.8950696
PRRG1,15.58719,6.8950696
ADH4,15.58719,6.8950696
C22orf39,15.58719,6.8950696
CSDC2,15.58719,6.8950696
ZNF22,15.58719,6.8950696
TNFRSF10C,15.58719,6.8950696
ATG10,15.58719,6.8950696
LAIR1,15.58719,6.8950696
RPL37A,15.58719,6.8950696
RPL27,15.58719,6.8950696
LGI1,15.58719,6.8950696
FATE1,15.58719,6.8950696
SCAMP1,15.58719,6.8950696
MAGEB16,15.58719,6.8950696
C3orf52,15.58719,6.8950696
FAM228B,15.58719,6.8950696
GMFB,15.58719,6.8950696
UBE2D1,15.58719,6.8950696
NAA50,15.58719,6.8950696
CACYBP,15.58719,6.8950696
BATF3,15.58719,6.8950696
NMRK1,15.58719,6.8950696
PRR19,15.58719,6.8950696
RNF113B,15.58719,6.8950696
CFHR3,15.58719,6.8950696
TAS2R14,15.58719,6.8950696
PRAF2,15.58719,6.8950696
TYROBP,15.58719,6.8950696
C2orf73,15.58719,6.8950696
KITLG,15.58719,6.8950696
CD300LB,15.58719,6.8950696
LYZL2,15.58719,6.8950696
C5orf60,15.58719,6.8950696
MPC1,15.58719,6.8950696
TAF11,15.58719,6.8950696
RUFY1,15.58719,6.8950696
C1orf115,15.58719,6.8950696
DYNLRB1,15.58719,6.8950696
DDA1,15.58719,6.8950696
BPIFA3,15.58719,6.8950696
C1orf146,15.58719,6.8950696
NPBWR2,15.58719,6.8950696
ANO5,15.58719,6.8950696
XAGE5,15.58719,6.8950696
C3orf84,15.58719,6.8950696
BHLHB9,15.58719,6.8950696
MAGEA4,15.58719,6.8950696
MYMK,15.58719,6.8950696
SELENOT,15.58719,6.8950696
MRPS10,15.58719,6.8950696
NELFCD,15.58719,6.8950696
MAGEA1,15.58719,6.8950696
FBXL22,15.58719,6.8950696
MALSU1,15.58719,6.8950696
FAM181B,15.58719,6.8950696
C4orf3,15.58719,6.8950696
CTU1,15.58719,6.8950696
CHCHD2,15.58719,6.8950696
AADACL3,15.58719,6.8950696
RNF13,15.58719,6.8950696
CD300E,15.58719,6.8950696
SAYSD1,15.58719,6.8950696
MAGEH1,15.58719,6.8950696
VAMP1,15.58719,6.8950696
FFAR1,15.58719,6.8950696
GRAP,15.58719,6.8950696
HNMT,15.58719,6.8950696
UBL4A,15.58719,6.8950696
C2orf80,15.58719,6.8950696
ABT1,15.58719,6.8950696
MZB1,15.58719,6.8950696
SDHAF2,15.58719,6.8950696
RGS5,15.58719,6.8950696
IL18BP,15.58719,6.8950696
FDX2,15.58719,6.8950696
RPL38,15.58719,6.8950696
NUDT7,15.58719,6.8950696
UBXN2A,15.58719,6.8950696
PCBD2,15.58719,6.8950696
FMNL1,15.58719,6.8950696
FAM122C,15.58719,6.8950696
ADH6,15.58719,6.8950696
PIMREG,15.58719,6.8950696
CLEC4A,15.58719,6.8950696
CD2,15.58719,6.8950696
ZNF668,15.58719,6.8950696
ZNF688,15.58719,6.8950696
NMI,15.58719,6.8950696
TRMT112,15.58719,6.8950696
DKKL1,15.58719,6.8950696
ATXN3L,15.58719,6.8950696
IER3IP1,15.58719,6.8950696
APOPT1,15.58719,6.8950696
TMEM243,15.58719,6.8950696
GNAZ,15.58719,6.8950696
PPIC,15.58719,6.8950696
EFHD2,15.58719,6.8950696
TREM1,15.58719,6.8950696
BTLA,15.58719,6.8950696
DPM2,15.58719,6.8950696
UXT,15.58719,6.8950696
GREM1,15.58719,6.8950696
C7orf50,15.58719,6.8950696
NFRKB,15.58719,6.8950696
CMTM5,15.58719,6.8950696
MRPL41,15.58719,6.8950696
JSRP1,15.58719,6.8950696
PDCL3,15.58719,6.8950696
PRR7,15.58719,6.8950696
ZNF98,15.58719,6.8950696
CENPW,15.58719,6.8950696
FAM90A1,15.58719,6.8950696
CEACAM7,15.58719,6.8950696
FAM89B,15.58719,6.8950696
MMP26,15.58719,6.8950696
BLOC1S5,15.58719,6.8950696
MRGBP,15.58719,6.8950696
DBNDD1,15.58719,6.8950696
CENPK,15.58719,6.8950696
TP53INP1,15.58719,6.8950696
FSBP,15.58719,6.8950696
MORN5,15.58719,6.8950696
TMC7,15.58719,6.8950696
CD33,15.58719,6.8950696
CPTP,15.58719,6.8950696
RPL37,15.58719,6.8950696
TMEM212,15.58719,6.8950696
YPEL3,15.58719,6.8950696
MRPS33,15.58719,6.8950696
SHISA5,15.58719,6.8950696
HCRT,15.58719,6.8950696
TFIP11,15.58719,6.8950696
LSM8,15.58719,6.8950696
FLII,15.58719,6.8950696
C16orf86,15.58719,6.8950696
H3F3A,15.58719,6.8950696
TSSK3,15.58719,6.8950696
ANKRD45,15.58719,6.8950696
NUDT10,15.58719,6.8950696
ARMCX1,15.58719,6.8950696
TMCO5A,15.58719,6.8950696
CENPQ,15.58719,6.8950696
ENKUR,15.58719,6.8950696
ACADL,15.58719,6.8950696
CD274,15.58719,6.8950696
FAM19A2,15.58719,6.8950696
NSMCE3,15.58719,6.8950696
SLC45A4,15.58719,6.8950696
PRAMEF15,15.58719,6.8950696
GNRH2,15.58719,6.8950696
NAIP,15.58719,6.8950696
CLEC2L,15.58719,6.8950696
LEMD1,15.58719,6.8950696
PAWR,15.58719,6.8950696
CXorf65,15.58719,6.8950696
CD83,15.58719,6.8950696
MANF,15.58719,6.8950696
WRNIP1,15.58719,6.8950696
NF2,15.58719,6.8950696
KLK2,15.58719,6.8950696
AANAT,15.58719,6.8950696
MME,15.58719,6.8950696
MAGEB6,15.58719,6.8950696
PIP5K1C,15.58719,6.8950696
TMEM171,15.58719,6.8950696
CYP26C1,15.58719,6.8950696
TMIGD1,15.58719,6.8950696
TMEM18,15.58719,6.8950696
IGSF5,15.58719,6.8950696
LYPD1,15.58719,6.8950696
NSD1,15.58719,6.8950696
PTRH2,15.58719,6.8950696
FLT3LG,15.58719,6.8950696
POLH,15.58719,6.8950696
ASCL3,15.58719,6.8950696
CXCL12,15.58719,6.8950696
OVOL2,15.58719,6.8950696
MRPL12,15.58719,6.8950696
NR2C2AP,15.58719,6.8950696
KLRB1,15.58719,6.8950696
CYFIP2,15.58719,6.8950696
KIAA2026,15.58719,6.8950696
PNRC1,15.58719,6.8950696
CD226,15.58719,6.8950696
LIMD2,15.58719,6.8950696
LRRC3B,15.58719,6.8950696
TMEM86A,15.58719,6.8950696
KRCC1,15.58719,6.8950696
ORMDL3,15.58719,6.8950696
DPPA4,15.58719,6.8950696
RNF182,15.58719,6.8950696
ACAD11,15.58719,6.8950696
SPATC1L,15.58719,6.8950696
SPACA3,15.58719,6.8950696
SAMD10,15.58719,6.8950696
BNIP3,15.58719,6.8950696
C5orf30,15.58719,6.8950696
CSH1,15.58719,6.8950696
ZNF664,15.58719,6.8950696
EVI2B,15.58719,6.8950696
COL10A1,15.58719,6.8950696
NUS1,15.58719,6.8950696
CDRT15,15.58719,6.8950696
GLRX5,15.58719,6.8950696
CLDND2,15.58719,6.8950696
PCP2,15.58719,6.8950696
CD200,15.58719,6.8950696
RP11-192H23.4,15.58719,6.8950696
IQCF5,15.58719,6.8950696
KRTAP29-1,15.58719,6.8950696
TXNDC9,15.58719,6.8950696
MYADML2,15.58719,6.8950696
RNASE2,15.58719,6.8950696
IER2,15.58719,6.8950696
GUCA1C,15.58719,6.8950696
LYSMD1,15.58719,6.8950696
RPS15A,15.58719,6.8950696
TNFRSF4,15.58719,6.8950696
SOWAHD,15.58719,6.8950696
RASAL1,15.58719,6.8950696
TAS2R13,15.58719,6.8950696
ACKR4,15.58719,6.8950696
SCYL2,15.58719,6.8950696
ERAS,15.58719,6.8950696
FAM216A,15.58719,6.8950696
FRG2C,15.58719,6.8950696
SLC35G6,15.58719,6.8950696
LEPROTL1,15.58719,6.8950696
PSMD9,15.58719,6.8950696
SH3BGR,15.58719,6.8950696
CAAP1,15.58719,6.8950696
PNMT,15.58719,6.8950696
C1orf123,15.58719,6.8950696
ACOT1,15.58719,6.8950696
BOD1,15.58719,6.8950696
C5AR2,15.58719,6.8950696
SBK3,15.58719,6.8950696
ACKR2,15.58719,6.8950696
IMMP1L,15.58719,6.8950696
ARL14EP,15.58719,6.8950696
MAP3K7CL,15.58719,6.8950696
TXNL4A,15.58719,6.8950696
MRPL49,15.58719,6.8950696
IL36RN,15.58719,6.8950696
MDC1,15.58719,6.8950696
C1orf74,15.58719,6.8950696
FAM136A,15.58719,6.8950696
IER3,15.58719,6.8950696
C12orf49,15.58719,6.8950696
PSMG2,15.58719,6.8950696
RASA3,15.58719,6.8950696
NKG7,15.58719,6.8950696
TPM2,15.58719,6.8950696
ABHD14B,15.58719,6.8950696
GSTM5,15.58719,6.8950696
PRPF6,15.58719,6.8950696
METTL7B,15.58719,6.8950696
TFPI2,15.58719,6.8950696
CTRB1,15.58719,6.8950696
TEX261,15.58719,6.8950696
C14orf180,15.58719,6.8950696
C1orf216,15.58719,6.8950696
RP11-248J23.6,15.58719,6.8950696
COMMD3,15.58719,6.8950696
PROK1,15.58719,6.8950696
SPATS1,15.58719,6.8950696
ISCA2,15.58719,6.8950696
SDC3,15.58719,6.8950696
AHSG,15.58719,6.8950696
WDR43,15.58719,6.8950696
GUSB,15.58719,6.8950696
ELOVL3,15.58719,6.8950696
CFHR2,15.58719,6.8950696
GPR27,15.58719,6.8950696
PRDX5,15.58719,6.8950696
FAAP24,15.58719,6.8950696
CFAP161,15.58719,6.8950696
NDUFA4L2,15.58719,6.8950696
LYG2,15.58719,6.8950696
C12orf57,15.58719,6.8950696
RPAIN,15.58719,6.8950696
CDC34,15.58719,6.8950696
FAM43B,15.58719,6.8950696
NPY,15.58719,6.8950696
ATP5MC2,15.58719,6.8950696
KCNMB2,15.58719,6.8950696
RSPH14,15.58719,6.8950696
HIST1H3E,15.58719,6.8950696
TBC1D2,15.58719,6.8950696
MEI4,15.58719,6.8950696
IZUMO2,15.58719,6.8950696
REC114,15.58719,6.8950696
FAM166B,15.58719,6.8950696
TREM2,15.58719,6.8950696
LY6E,15.58719,6.8950696
IGDCC4,15.58719,6.8950696
TSPYL6,15.58719,6.8950696
C19orf71,15.58719,6.8950696
RAMP2,15.58719,6.8950696
SYPL1,15.58719,6.8950696
HIST3H2A,15.58719,6.8950696
VTCN1,15.58719,6.8950696
GFER,15.58719,6.8950696
CARMIL1,15.58719,6.8950696
IER5,15.58719,6.8950696
C6orf15,15.58719,6.8950696
EAF2,15.58719,6.8950696
KPNA1,15.58719,6.8950696
GIMAP2,15.58719,6.8950696
CLEC1A,15.58719,6.8950696
SHISA3,15.58719,6.8950696
GPR62,15.58719,6.8950696
P4HTM,15.58719,6.8950696
MC1R,15.58719,6.8950696
NMS,15.58719,6.8950696
DCTD,15.58719,6.8950696
KXD1,15.58719,6.8950696
ZDHHC22,15.58719,6.8950696
CRISP2,15.58719,6.8950696
FAM58A,15.58719,6.8950696
HCAR3,15.58719,6.8950696
CLEC9A,15.58719,6.8950696
FAM181A,15.58719,6.8950696
FAM19A1,15.58719,6.8950696
PLA2G2F,15.58719,6.8950696
TSGA13,15.58719,6.8950696
HMGB3,15.58719,6.8950696
ABI2,15.58719,6.8950696
C12orf65,15.58719,6.8950696
VENTX,15.58719,6.8950696
LY6K,15.58719,6.8950696
SDCBP,15.58719,6.8950696
RNF125,15.58719,6.8950696
PDZD9,15.58719,6.8950696
ARPIN,15.58719,6.8950696
HACD1,15.58719,6.8950696
ZFAND6,15.58719,6.8950696
HIST1H3D,15.58719,6.8950696
BLOC1S1,15.58719,6.8950696
ELP6,15.58719,6.8950696
BCL7B,15.58719,6.8950696
MYL12B,15.58719,6.8950696
KCTD21,15.58719,6.8950696
CNTNAP2,15.58719,6.8950696
APOC2,15.58719,6.8950696
CDRT15L2,15.58719,6.8950696
ARL14,15.58719,6.8950696
ATP6V1G2,15.58719,6.8950696
PCNP,15.58719,6.8950696
CX3CR1,15.58719,6.8950696
ALDH3A1,15.58719,6.8950696
RTN4RL1,15.58719,6.8950696
GPR35,15.58719,6.8950696
PRAMEF14,15.58719,6.8950696
NABP1,15.58719,6.8950696
PRDX2,15.58719,6.8950696
LKAAEAR1,15.58719,6.8950696
ANKRD22,15.58719,6.8950696
PDGFRB,15.58719,6.8950696
ATG101,15.58719,6.8950696
FUNDC2,15.58719,6.8950696
SLC10A1,15.58719,6.8950696
CDX4,15.58719,6.8950696
ATG12,15.58719,6.8950696
SH3BGRL3,15.58719,6.8950696
VGLL3,15.58719,6.8950696
FAM84B,15.58719,6.8950696
IL34,15.58719,6.8950696
KCNJ2,15.58719,6.8950696
CITED2,15.58719,6.8950696
RBX1,15.58719,6.8950696
APOBEC4,15.58719,6.8950696
ERICH5,15.58719,6.8950696
CNIH3,15.58719,6.8950696
BATF2,15.58719,6.8950696
MESDC2,15.58719,6.8950696
NDUFA6,15.58719,6.8950696
C17orf64,15.58719,6.8950696
TNFRSF12A,15.58719,6.8950696
TMEM177,15.58719,6.8950696
UBE2F,15.58719,6.8950696
ENSA,15.58719,6.8950696
TMEM121,15.58719,6.8950696
RBBP9,15.58719,6.8950696
UQCRFS1,15.58719,6.8950696
TIMM10B,15.58719,6.8950696
TEX36,15.58719,6.8950696
TXNDC2,15.58719,6.8950696
HIST1H2AI,15.58719,6.8950696
NRXN3,15.58719,6.8950696
PDPN,15.58719,6.8950696
NUDT16,15.58719,6.8950696
CEBPA,15.58719,6.8950696
MARCH3,15.58719,6.8950696
BCL2L1,15.58719,6.8950696
FPR2,15.58719,6.8950696
SPZ1,15.58719,6.8950696
C11orf86,15.58719,6.8950696
C1GALT1C1,15.58719,6.8950696
RABAC1,15.58719,6.8950696
MC2R,15.58719,6.8950696
GPX6,15.58719,6.8950696
LAT2,15.58719,6.8950696
CCDC106,15.58719,6.8950696
P2RY14,15.58719,6.8950696
MGST2,15.58719,6.8950696
PTMA,15.58719,6.8950696
MOAP1,15.58719,6.8950696
TREX2,15.58719,6.8950696
HIST4H4,15.58719,6.8950696
GPR32,15.58719,6.8950696
COX6B1,15.58719,6.8950696
METTL21C,15.58719,6.8950696
NDUFB11,15.58719,6.8950696
SCRT2,15.58719,6.8950696
LY6G5C,15.58719,6.8950696
CREBZF,15.58719,6.8950696
SP9,15.58719,6.8950696
ZNF501,15.58719,6.8950696
TIRAP,15.58719,6.8950696
CLIC2,15.58719,6.8950696
MRPL34,15.58719,6.8950696
SLC2A4RG,15.58719,6.8950696
PTGES3,15.58719,6.8950696
TMEM51,15.58719,6.8950696
TMBIM4,15.58719,6.8950696
HIST1H4K,15.58719,6.8950696
RHOXF1,15.58719,6.8950696
APOLD1,15.58719,6.8950696
TMEM50A,15.58719,6.8950696
NUDT1,15.58719,6.8950696
PAQR4,15.58719,6.8950696
CD3G,15.58719,6.8950696
GPR78,15.58719,6.8950696
GCG,15.58719,6.8950696
MED19,15.58719,6.8950696
C16orf95,15.58719,6.8950696
ADCYAP1,15.58719,6.8950696
ZNF736,15.58719,6.8950696
OLAH,15.58719,6.8950696
SYCE2,15.58719,6.8950696
SPINDOC,15.58719,6.8950696
HIST1H2AG,15.58719,6.8950696
FAIM,15.58719,6.8950696
CD40LG,15.58719,6.8950696
TAAR1,15.58719,6.8950696
TEX264,15.58719,6.8950696
NUDT19,15.58719,6.8950696
ZFP42,15.58719,6.8950696
LYG1,15.58719,6.8950696
MRPL11,15.58719,6.8950696
TBPL1,15.58719,6.8950696
NCR3LG1,15.58719,6.8950696
SLC39A1,15.58719,6.8950696
INO80E,15.58719,6.8950696
ADH1B,15.58719,6.8950696
CTNND1,15.58719,6.8950696
KCNK7,15.58719,6.8950696
YIPF6,15.58719,6.8950696
PRELID3A,15.58719,6.8950696
TMEM150B,15.58719,6.8950696
SKP1,15.58719,6.8950696
RGS19,15.58719,6.8950696
CEBPB,15.58719,6.8950696
TCTN2,15.58719,6.8950696
R3HDM4,15.58719,6.8950696
C8orf37,15.58719,6.8950696
TMA16,15.58719,6.8950696
FAM151B,15.58719,6.8950696
ZNHIT1,15.58719,6.8950696
BRINP2,15.58719,6.8950696
CRISP3,15.58719,6.8950696
NDUFS5,15.58719,6.8950696
MFAP3,15.58719,6.8950696
C16orf87,15.58719,6.8950696
FRAT2,15.58719,6.8950696
SLC25A29,15.58719,6.8950696
PLA2G5,15.58719,6.8950696
ARHGDIG,15.58719,6.8950696
APOBEC3C,15.58719,6.8950696
LUZP4,15.58719,6.8950696
NFAM1,15.58719,6.8950696
SOCS3,15.58719,6.8950696
TMEM186,15.58719,6.8950696
KCNMB1,15.58719,6.8950696
YPEL5,15.58719,6.8950696
REG4,15.58719,6.8950696
NAA20,15.58719,6.8950696
P2RY13,15.58719,6.8950696
ACRV1,15.58719,6.8950696
ACADM,15.58719,6.8950696
GKN2,15.58719,6.8950696
VSIR,15.58719,6.8950696
SH2D6,15.58719,6.8950696
ZNF492,15.58719,6.8950696
OCEL1,15.58719,6.8950696
CCDC12,15.58719,6.8950696
MOSMO,15.58719,6.8950696
EGR3,15.58719,6.8950696
CD200R1,15.58719,6.8950696
TMEM11,15.58719,6.8950696
ALDH9A1,15.58719,6.8950696
TMEM176B,15.58719,6.8950696
LSM12,15.58719,6.8950696
NCF1,15.58719,6.8950696
CD86,15.58719,6.8950696
PSMF1,15.58719,6.8950696
HSF2BP,15.58719,6.8950696
SLC4A1,15.58719,6.8950696
FOXD1,15.58719,6.8950696
IL2RA,15.58719,6.8950696
TGOLN2,15.58719,6.8950696
USP27X,15.58719,6.8950696
ACAP3,15.58719,6.8950696
LXN,15.58719,6.8950696
COMMD7,15.58719,6.8950696
CFL2,15.58719,6.8950696
PRAMEF17,15.58719,6.8950696
CMBL,15.58719,6.8950696
GTSF1,15.58719,6.8950696
TMEM74,15.58719,6.8950696
CD300C,15.58719,6.8950696
NAA11,15.58719,6.8950696
CD14,15.58719,6.8950696
FNDC5,15.58719,6.8950696
NUPL2,15.58719,6.8950696
TAF12,15.58719,6.8950696
UTP23,15.58719,6.8950696
CALHM4,15.58719,6.8950696
IZUMO4,15.58719,6.8950696
RBM3,15.58719,6.8950696
CYB5B,15.58719,6.8950696
HORMAD2,15.58719,6.8950696
RTP5,15.58719,6.8950696
IFI27L1,15.58719,6.8950696
HINT1,15.58719,6.8950696
PACRGL,15.58719,6.8950696
CASTOR1,15.58719,6.8950696
CD300LG,15.58719,6.8950696
CCDC68,15.58719,6.8950696
TBC1D26,15.58719,6.8950696
RAB31,15.58719,6.8950696
PFN4,15.58719,6.8950696
PRELID2,15.58719,6.8950696
TTLL3,15.58719,6.8950696
TMEM97,15.58719,6.8950696
PGAM4,15.58719,6.8950696
SH2D1A,15.58719,6.8950696
LRG1,15.58719,6.8950696
YPEL4,15.58719,6.8950696
CENPH,15.58719,6.8950696
FEV,15.58719,6.8950696
SLAMF7,15.58719,6.8950696
NMB,15.58719,6.8950696
CTRB2,15.58719,6.8950696
COMMD8,15.58719,6.8950696
COA6,15.58719,6.8950696
DNAJC12,15.58719,6.8950696
CYSLTR1,15.58719,6.8950696
CSH2,15.58719,6.8950696
AP1S2,15.58719,6.8950696
KIFC1,15.58719,6.8950696
BRI3BP,15.58719,6.8950696
HOPX,15.58719,6.8950696
HAUS1,15.58719,6.8950696
SLC5A2,15.58719,6.8950696
MED29,15.58719,6.8950696
YTHDC1,15.58719,6.8950696
LRRC29,15.58719,6.8950696
KIR2DL1,15.58719,6.8950696
CARD19,15.58719,6.8950696
CIAO2A,15.58719,6.8950696
LRAT,15.58719,6.8950696
EXO5,15.58719,6.8950696
C4orf33,15.58719,6.8950696
SCML1,15.58719,6.8950696
DNAJC22,15.58719,6.8950696
GDI1,15.58719,6.8950696
HNRNPCL1,15.58719,6.8950696
TPD52L2,15.58719,6.8950696
C1orf174,15.58719,6.8950696
CDKN2B,15.58719,6.8950696
CIPC,15.58719,6.8950696
CALML4,15.58719,6.8950696
C1QTNF12,15.58719,6.8950696
MXRA7,15.58719,6.8950696
ZNF75A,15.58719,6.8950696
RGS18,15.58719,6.8950696
LYZ,15.58719,6.8950696
KLB,15.58719,6.8950696
LUM,15.58719,6.8950696
COMMD9,15.58719,6.8950696
HIST1H3F,15.58719,6.8950696
CSKMT,15.58719,6.8950696
PRAMEF2,15.58719,6.8950696
CCDC28A,15.58719,6.8950696
UBE2C,15.58719,6.8950696
OTUB2,15.58719,6.8950696
BUD31,15.58719,6.8950696
LAMP2,15.58719,6.8950696
TSC22D3,15.58719,6.8950696
FAM3A,15.58719,6.8950696
WDYHV1,15.58719,6.8950696
CDO1,15.58719,6.8950696
SPDYE3,15.58719,6.8950696
LRRN4CL,15.58719,6.8950696
CCDC58,15.58719,6.8950696
MEDAG,15.58719,6.8950696
VSIG4,15.58719,6.8950696
HIST1H3C,15.58719,6.8950696
RANBP10,15.58719,6.8950696
ODAM,15.58719,6.8950696
YEATS4,15.58719,6.8950696
TMEM240,15.58719,6.8950696
UBE2N,15.58719,6.8950696
ZNF787,15.58719,6.8950696
CCDC70,15.58719,6.8950696
TMEM106A,15.58719,6.8950696
ID3,15.58719,6.8950696
ZNRF2,15.58719,6.8950696
CGRRF1,15.58719,6.8950696
PSMB11,15.58719,6.8950696
DCUN1D2,15.58719,6.8950696
RPP25L,15.58719,6.8950696
GTPBP8,15.58719,6.8950696
DAZAP2,15.58719,6.8950696
ZNF740,15.58719,6.8950696
C4BPB,15.58719,6.8950696
MCUB,15.58719,6.8950696
FOPNL,15.58719,6.8950696
TMEM229B,15.58719,6.8950696
PRRG4,15.58719,6.8950696
RHD,15.58719,6.8950696
MC5R,15.58719,6.8950696
PEBP4,15.58719,6.8950696
CD247,15.58719,6.8950696
MMGT1,15.58719,6.8950696
LRRC52,15.58719,6.8950696
TEX101,15.58719,6.8950696
MRPL58,15.58719,6.8950696
TAAR6,15.58719,6.8950696
ATL3,15.58719,6.8950696
OAZ2,15.58719,6.8950696
RAD51AP1,15.58719,6.8950696
MOSPD1,15.58719,6.8950696
CLEC4G,15.58719,6.8950696
TNFRSF6B,15.58719,6.8950696
PRAMEF1,15.58719,6.8950696
ZNF626,15.58719,6.8950696
TAF1D,15.58719,6.8950696
TAAR5,15.58719,6.8950696
CTNNA2,15.58719,6.8950696
OSTC,15.58719,6.8950696
EMC8,15.58719,6.8950696
LYVE1,15.58719,6.8950696
GRPEL1,15.58719,6.8950696
TMEM98,15.58719,6.8950696
NKAIN3,15.58719,6.8950696
ZNRF1,15.58719,6.8950696
TEX33,15.58719,6.8950696
TMEM74B,15.58719,6.8950696
ZNF486,15.58719,6.8950696
PPP3R1,15.58719,6.8950696
LURAP1,15.58719,6.8950696
RPL34,15.58719,6.8950696
NDUFB4,15.58719,6.8950696
MAGOHB,15.58719,6.8950696
TREML2,15.58719,6.8950696
NRN1L,15.58719,6.8950696
ICAM2,15.58719,6.8950696
TMED5,15.58719,6.8950696
PCED1B,15.58719,6.8950696
GCLM,15.58719,6.8950696
FCGR1A,15.58719,6.8950696
SHISA2,15.58719,6.8950696
DAND5,15.58719,6.8950696
HIST1H2AL,15.58719,6.8950696
ADH1A,15.58719,6.8950696
TMEM196,15.58719,6.8950696
SSMEM1,15.58719,6.8950696
LAMP3,15.58719,6.8950696
PSMC3IP,15.58719,6.8950696
RHBDL2,15.58719,6.8950696
MANSC1,15.58719,6.8950696
APOBEC3H,15.58719,6.8950696
TMEM121B,15.58719,6.8950696
MTX2,15.58719,6.8950696
R3HDML,15.58719,6.8950696
HNRNPF,15.58719,6.8950696
FGF7,15.58719,6.8950696
UBE2A,15.58719,6.8950696
RPL27A,15.58719,6.8950696
PARD6B,15.58719,6.8950696
GABARAPL2,15.58719,6.8950696
IBTK,15.58719,6.8950696
MTHFD1L,15.58719,6.8950696
USP18,15.58719,6.8950696
FAM107A,15.58719,6.8950696
ZNF784,15.58719,6.8950696
CIB4,15.58719,6.8950696
VSTM4,15.58719,6.8950696
LYRM1,15.58719,6.8950696
TM4SF5,15.58719,6.8950696
FCGR3A,15.58719,6.8950696
NOP10,15.58719,6.8950696
EMD,15.58719,6.8950696
CENPBD1,15.58719,6.8950696
PRB3,15.58719,6.8950696
SHISAL1,15.58719,6.8950696
TSC22D4,15.58719,6.8950696
CEACAM6,15.58719,6.8950696
MYADM,15.58719,6.8950696
UBL3,15.58719,6.8950696
NGB,15.58719,6.8950696
ZNF506,15.58719,6.8950696
INCA1,15.58719,6.8950696
ORAI3,15.58719,6.8950696
PPCDC,15.58719,6.8950696
TRIM48,15.58719,6.8950696
TRIM71,15.58719,6.8950696
FAM122B,15.58719,6.8950696
KLRC1,15.58719,6.8950696
RTP4,15.58719,6.8950696
ZNF138,15.58719,6.8950696
MMRN1,15.58719,6.8950696
CREG2,15.58719,6.8950696
CIB3,15.58719,6.8950696
SEC11C,15.58719,6.8950696
STX19,15.58719,6.8950696
BTG1,15.58719,6.8950696
GPX3,15.58719,6.8950696
LGALS12,15.58719,6.8950696
C6orf163,15.58719,6.8950696
CCNI,15.58719,6.8950696
C16orf46,15.58719,6.8950696
LYPLA1,15.58719,6.8950696
GINM1,15.58719,6.8950696
PTGDR2,15.58719,6.8950696
KRTAP10-4,15.58719,6.8950696
TYRP1,15.58719,6.8950696
RHOT2,15.58719,6.8950696
PSMB7,15.58719,6.8950696
RBM7,15.58719,6.8950696
ATF5,15.58719,6.8950696
FAM222A,15.58719,6.8950696
NTPCR,15.58719,6.8950696
VMO1,15.58719,6.8950696
ZNF146,15.58719,6.8950696
RTN4R,15.58719,6.8950696
METTL27,15.58719,6.8950696
SRP19,15.58719,6.8950696
SRA1,15.58719,6.8950696
CDIP1,15.58719,6.8950696
SLC39A3,15.58719,6.8950696
RABIF,15.58719,6.8950696
ARMC10,15.58719,6.8950696
SMURF1,15.58719,6.8950696
PGA5,15.58719,6.8950696
RP13-996F3.4,15.58719,6.8950696
YIPF4,15.58719,6.8950696
CD28,15.58719,6.8950696
FAM187B,15.58719,6.8950696
RPL31,15.58719,6.8950696
MED20,15.58719,6.8950696
TMEM185B,15.58719,6.8950696
LRRC38,15.58719,6.8950696
ATP6V0C,15.58719,6.8950696
SELENOF,15.58719,6.8950696
LAMP5,15.58719,6.8950696
CCND1,15.58719,6.8950696
CLDN20,15.58719,6.8950696
EPO,15.58719,6.8950696
QPRT,15.58719,6.8950696
GULP1,15.58719,6.8950696
LRRC7,15.58719,6.8950696
COPS9,15.58719,6.8950696
INSL3,15.58719,6.8950696
PLEKHJ1,15.58719,6.8950696
GPR55,15.58719,6.8950696
TBC1D21,15.58719,6.8950696
METTL24,15.58719,6.8950696
CLDN8,15.58719,6.8950696
NDFIP1,15.58719,6.8950696
CINP,15.58719,6.8950696
BNIP3L,15.58719,6.8950696
PEBP1,15.58719,6.8950696
GPR15,15.58719,6.8950696
INKA1,15.58719,6.8950696
SDHA,15.58719,6.8950696
GABARAP,15.58719,6.8950696
RHBDD2,15.58719,6.8950696
TLDC2,15.58719,6.8950696
CCNI2,15.58719,6.8950696
XCR1,15.58719,6.8950696
PDC,15.58719,6.8950696
UBE2L6,15.58719,6.8950696
FADS6,15.58719,6.8950696
SAMD1,15.58719,6.8950696
NME4,15.58719,6.8950696
MTA3,15.58719,6.8950696
HDDC3,15.58719,6.8950696
RAD9A,15.58719,6.8950696
METTL18,15.58719,6.8950696
PNMA1,15.58719,6.8950696
ALG1L,15.58719,6.8950696
SNAI2,15.58719,6.8950696
RAB9B,15.58719,6.8950696
CETN2,15.58719,6.8950696
EBI3,15.58719,6.8950696
POP5,15.58719,6.8950696
RPSA,15.58719,6.8950696
UQCRB,15.58719,6.8950696
HDHD3,15.58719,6.8950696
IQCF2,15.58719,6.8950696
METTL11B,15.58719,6.8950696
EXOSC5,15.58719,6.8950696
MAGEA11,15.58719,6.8950696
C19orf24,15.58719,6.8950696
CALM2,15.58719,6.8950696
EFCAB11,15.58719,6.8950696
PPIF,15.58719,6.8950696
TOR4A,15.58719,6.8950696
CD3E,15.58719,6.8950696
COL13A1,15.58719,6.8950696
GGH,15.58719,6.8950696
CHIC1,15.58719,6.8950696
METTL5,15.58719,6.8950696
MED18,15.58719,6.8950696
UBE2M,15.58719,6.8950696
C22orf15,15.58719,6.8950696
ZNF114,15.58719,6.8950696
CD70,15.58719,6.8950696
FAM110D,15.58719,6.8950696
ZADH2,15.58719,6.8950696
TMEM134,15.58719,6.8950696
HDGFL1,15.58719,6.8950696
CD38,15.58719,6.8950696
BCAP29,15.58719,6.8950696
NPDC1,15.58719,6.8950696
TPRG1,15.58719,6.8950696
CCT8,15.58719,6.8950696
CLDN25,15.58719,6.8950696
BSND,15.58719,6.8950696
GINS3,15.58719,6.8950696
BCL2L10,15.58719,6.8950696
TRIM64B,15.58719,6.8950696
NCR3,15.58719,6.8950696
STT3A,15.58719,6.8950696
PTN,15.58719,6.8950696
EYA3,15.58719,6.8950696
PAK1,15.58719,6.8950696
SNRPA1,15.58719,6.8950696
KIR2DL4,15.58719,6.8950696
NPM1,15.58719,6.8950696
KCTD11,15.58719,6.8950696
PIH1D2,15.58719,6.8950696
SIKE1,15.58719,6.8950696
HMBS,15.58719,6.8950696
PNOC,15.58719,6.8950696
NANOS3,15.58719,6.8950696
GAS1,15.58719,6.8950696
MAB21L4,15.58719,6.8950696
ZNF691,15.58719,6.8950696
RILPL2,15.58719,6.8950696
SP6,15.58719,6.8950696
HDGFL3,15.58719,6.8950696
CXXC4,15.58719,6.8950696
PIH1D1,15.58719,6.8950696
TRIR,15.58719,6.8950696
INS,15.58719,6.8950696
PDE6D,15.58719,6.8950696
CCDC92,15.58719,6.8950696
TBATA,15.58719,6.8950696
KCTD14,15.58719,6.8950696
PMVK,15.58719,6.8950696
U2SURP,15.58719,6.8950696
ZNF684,15.58719,6.8950696
NRIP3,15.58719,6.8950696
KLK1,15.58719,6.8950696
WFDC3,15.58719,6.8950696
RFPL2,15.58719,6.8950696
FAM84A,15.58719,6.8950696
VGLL4,15.58719,6.8950696
SYCE1L,15.58719,6.8950696
MSRB2,15.58719,6.8950696
LRRC69,15.58719,6.8950696
C10orf88,15.58719,6.8950696
ATP5PO,15.58719,6.8950696
TSPAN19,15.58719,6.8950696
AIMP2,15.58719,6.8950696
HESX1,15.58719,6.8950696
MRAP,15.58719,6.8950696
APOO,15.58719,6.8950696
HRASLS5,15.58719,6.8950696
AMN1,15.58719,6.8950696
TMEM204,15.58719,6.8950696
ZCCHC12,15.58719,6.8950696
HIST1H4I,15.58719,6.8950696
C8orf86,15.58719,6.8950696
FURIN,15.58719,6.8950696
KATNBL1,15.58719,6.8950696
SPRYD4,15.58719,6.8950696
ODAPH,15.58719,6.8950696
ITM2B,15.58719,6.8950696
ADH7,15.58719,6.8950696
PSMA5,15.58719,6.8950696
RB1CC1,15.58719,6.8950696
MOB1A,15.58719,6.8950696
MRPL50,15.58719,6.8950696
TAF9B,15.58719,6.8950696
IRGC,15.58719,6.8950696
RPP25,15.58719,6.8950696
ZNF670,15.58719,6.8950696
TCEANC2,15.58719,6.8950696
CEACAM18,15.58719,6.8950696
NAT8L,15.58719,6.8950696
TRABD2B,15.58719,6.8950696
PPIL1,15.58719,6.8950696
CLEC12B,15.58719,6.8950696
HIST1H4A,15.58719,6.8950696
ASB12,15.58719,6.8950696
PTGDS,15.58719,6.8950696
LRRC2,15.58719,6.8950696
ORM2,15.58719,6.8950696
ZDHHC11,15.58719,6.8950696
GLTPD2,15.58719,6.8950696
SPAG7,15.58719,6.8950696
PLA2G12B,15.58719,6.8950696
CCDC74A,15.58719,6.8950696
NQO2,15.58719,6.8950696
CEP19,15.58719,6.8950696
RSPRY1,15.58719,6.8950696
AP3S2,15.58719,6.8950696
PGP,15.58719,6.8950696
YIPF7,15.58719,6.8950696
NUCKS1,15.58719,6.8950696
FXYD3,15.58719,6.8950696
NENF,15.58719,6.8950696
GOLGA7,15.58719,6.8950696
DIO1,15.58719,6.8950696
ORC6,15.58719,6.8950696
CXorf58,15.58719,6.8950696
FCRLA,15.58719,6.8950696
RAET1E,15.58719,6.8950696
NDUFS4,15.58719,6.8950696
RNF138,15.58719,6.8950696
MOB1B,15.58719,6.8950696
DCAKD,15.58719,6.8950696
MGP,15.58719,6.8950696
RNF148,15.58719,6.8950696
DPPA2,15.58719,6.8950696
VOPP1,15.58719,6.8950696
TMED6,15.58719,6.8950696
FAM104A,15.58719,6.8950696
MRM1,15.58719,6.8950696
LYPD3,15.58719,6.8950696
LYPD6B,15.58719,6.8950696
GRIK1,15.58719,6.8950696
A3GALT2,15.58719,6.8950696
DMRT1,15.58719,6.8950696
ISLR,15.58719,6.8950696
VAV3,15.58719,6.8950696
DHRS2,15.58719,6.8950696
NAP1L2,15.58719,6.8950696
ZMAT4,15.58719,6.8950696
MARCH2,15.58719,6.8950696
MRPS26,15.58719,6.8950696
CLBA1,15.58719,6.8950696
NDUFA12,15.58719,6.8950696
ARV1,15.58719,6.8950696
TTC16,15.58719,6.8950696
TRIM13,15.58719,6.8950696
NDUFAF2,15.58719,6.8950696
PBDC1,15.58719,6.8950696
TEX35,15.58719,6.8950696
NTMT1,15.58719,6.8950696
PRAMEF19,15.58719,6.8950696
PRSS58,15.58719,6.8950696
TBK1,15.58719,6.8950696
ZNF385C,15.58719,6.8950696
PTCRA,15.58719,6.8950696
RPL10A,15.58719,6.8950696
HIST1H3G,15.58719,6.8950696
CBX3,15.58719,6.8950696
ZGLP1,15.58719,6.8950696
TPSAB1,15.58719,6.8950696
NBPF1,15.58719,6.8950696
MRPS34,15.58719,6.8950696
YY2,15.58719,6.8950696
TMEM270,15.58719,6.8950696
COX4I2,15.58719,6.8950696
C7orf61,15.58719,6.8950696
GAL3ST2,15.58719,6.8950696
PLSCR4,15.58719,6.8950696
IFITM10,15.58719,6.8950696
CMA1,15.58719,6.8950696
AUNIP,15.58719,6.8950696
PSME2,15.58719,6.8950696
GGT6,15.58719,6.8950696
KIF2A,15.58719,6.8950696
FIS1,15.58719,6.8950696
PPIB,15.58719,6.8950696
MIXL1,15.58719,6.8950696
GMNC,15.58719,6.8950696
UBE2R2,15.58719,6.8950696
GATSL1,15.58719,6.8950696
DHFR,15.58719,6.8950696
FBXL8,15.58719,6.8950696
MRPL17,15.58719,6.8950696
IL12B,15.58719,6.8950696
DNAJB9,15.58719,6.8950696
WBP2,15.58719,6.8950696
HSCB,15.58719,6.8950696
PRKCI,15.58719,6.8950696
TMEM223,15.58719,6.8950696
TTC9B,15.58719,6.8950696
PHLPP2,15.58719,6.8950696
FIGLA,15.58719,6.8950696
URM1,15.58719,6.8950696
NACC2,15.58719,6.8950696
SAPCD1,15.58719,6.8950696
FKBP3,15.58719,6.8950696
SULT1C3,15.58719,6.8950696
CABP5,15.58719,6.8950696
ASGR2,15.58719,6.8950696
CALHM5,15.58719,6.8950696
SDC1,15.58719,6.8950696
CCR4,15.58719,6.8950696
APOBEC1,15.58719,6.8950696
HACD2,15.58719,6.8950696
CHI3L2,15.58719,6.8950696
TCP10,15.58719,6.8950696
TMEM40,15.58719,6.8950696
TM4SF4,15.58719,6.8950696
TMEM208,15.58719,6.8950696
PID1,15.58719,6.8950696
TMEM150C,15.58719,6.8950696
NUDT21,15.58719,6.8950696
TMEM164,15.58719,6.8950696
RNF4,15.58719,6.8950696
TIMM29,15.58719,6.8950696
HTATIP2,15.58719,6.8950696
TMIE,15.58719,6.8950696
YPEL1,15.58719,6.8950696
CDCA4,15.58719,6.8950696
SPRYD7,15.58719,6.8950696
RPL26L1,15.58719,6.8950696
DMP1,15.58719,6.8950696
C9orf66,15.58719,6.8950696
CHAD,15.58719,6.8950696
LAPTM4A,15.58719,6.8950696
CNEP1R1,15.58719,6.8950696
TWISTNB,15.58719,6.8950696
HIST1H2AB,15.58719,6.8950696
CMSS1,15.58719,6.8950696
SNRPN,15.58719,6.8950696
SLC9A1,15.58719,6.8950696
ZNF358,15.58719,6.8950696
SLC10A3,15.58719,6.8950696
AS3MT,15.58719,6.8950696
AKIRIN1,15.58719,6.8950696
TRAPPC2,15.58719,6.8950696
TMEM95,15.58719,6.8950696
PLSCR2,15.58719,6.8950696
SOX10,15.58719,6.8950696
ADAT2,15.58719,6.8950696
TEX26,15.58719,6.8950696
PMEPA1,15.58719,6.8950696
FHIT,15.58719,6.8950696
GNPDA2,15.58719,6.8950696
CTAGE9,15.58719,6.8950696
TMEM138,15.58719,6.8950696
TMEM88,15.58719,6.8950696
AREG,15.58719,6.8950696
NUDT16L1,15.58719,6.8950696
BCL10,15.58719,6.8950696
PRG3,15.58719,6.8950696
CPLANE2,15.58719,6.8950696
YLPM1,15.58719,6.8950696
SARNP,15.58719,6.8950696
BPIFB2,15.58719,6.8950696
TSPAN6,15.58719,6.8950696
RARRES1,15.58719,6.8950696
ESAM,15.58719,6.8950696
SSU72,15.58719,6.8950696
PRR3,15.58719,6.8950696
KCTD4,15.58719,6.8950696
RTL4,15.58719,6.8950696
TPBG,15.58719,6.8950696
RPS15,15.58719,6.8950696
METRN,15.58719,6.8950696
MSTO1,15.58719,6.8950696
MRPL10,15.58719,6.8950696
SNX10,15.58719,6.8950696
MED31,15.58719,6.8950696
AKR7A3,15.58719,6.8950696
EEF2KMT,15.58719,6.8950696
CTD-2267D19.3,15.58719,6.8950696
SIAH2,15.58719,6.8950696
ACER1,15.58719,6.8950696
RABL2A,15.58719,6.8950696
CD3EAP,15.58719,6.8950696
F2RL2,15.58719,6.8950696
CD3D,15.58719,6.8950696
SCN4B,15.58719,6.8950696
CASP14,15.58719,6.8950696
ERMN,15.58719,6.8950696
SLC35A4,15.58719,6.8950696
CKMT1B,15.58719,6.8950696
BEND6,15.58719,6.8950696
FRAT1,15.58719,6.8950696
CEACAM21,15.58719,6.8950696
CENPA,15.58719,6.8950696
PRG2,15.58719,6.8950696
TAS2R41,15.58719,6.8950696
FAM204A,15.58719,6.8950696
SYCP3,15.58719,6.8950696
MRPL13,15.58719,6.8950696
P2RY12,15.58719,6.8950696
PPP1R42,15.58719,6.8950696
MICB,15.58719,6.8950696
SNRPD3,15.58719,6.8950696
SPIN4,15.58719,6.8950696
USP50,15.58719,6.8950696
MFAP2,15.58719,6.8950696
OXT,15.58719,6.8950696
CEACAM3,15.58719,6.8950696
ANKRD61,15.58719,6.8950696
LHFPL1,15.58719,6.8950696
CLSTN2,15.58719,6.8950696
MAS1,15.58719,6.8950696
FAM110C,15.58719,6.8950696
PEX19,15.58719,6.8950696
IGFBP7,15.58719,6.8950696
C11orf65,15.58719,6.8950696
BABAM1,15.58719,6.8950696
KLF3,15.58719,6.8950696
GZMH,15.58719,6.8950696
TEF,15.58719,6.8950696
ZNF121,15.58719,6.8950696
GNAQ,15.58719,6.8950696
TRIM44,15.58719,6.8950696
DCTPP1,15.58719,6.8950696
MCEMP1,15.58719,6.8950696
TIGD6,15.58719,6.8950696
GPALPP1,15.58719,6.8950696
CREBL2,15.58719,6.8950696
EIF3J,15.58719,6.8950696
CPSF2,15.58719,6.8950696
LIN7C,15.58719,6.8950696
UTS2,15.58719,6.8950696
MRPL1,15.58719,6.8950696
FCGRT,15.58719,6.8950696
RTL10,15.58719,6.8950696
CHD1L,15.58719,6.8950696
C1orf159,15.58719,6.8950696
STXBP6,15.58719,6.8950696
AKR1B10,15.58719,6.8950696
DPRX,15.58719,6.8950696
DMRTB1,15.58719,6.8950696
ANKRD49,15.58719,6.8950696
GDNF,15.58719,6.8950696
STARD3NL,15.58719,6.8950696
NAP1L3,15.58719,6.8950696
LAPTM4B,15.58719,6.8950696
ZFP36,15.58719,6.8950696
MRPS18A,15.58719,6.8950696
AWAT2,15.58719,6.8950696
NPC2,15.58719,6.8950696
CTDNEP1,15.58719,6.8950696
TMED4,15.58719,6.8950696
KRT85,15.58719,6.8950696
RGN,15.58719,6.8950696
NRBF2,15.58719,6.8950696
DESI1,15.58719,6.8950696
SOCS1,15.58719,6.8950696
SLAMF9,15.58719,6.8950696
SAP18,15.58719,6.8950696
TMED10,15.58719,6.8950696
MAP1LC3B,15.58719,6.8950696
SLC10A6,15.58719,6.8950696
EEF1AKMT3,15.58719,6.8950696
CD164,15.58719,6.8950696
ZDHHC19,15.58719,6.8950696
SPSB2,15.58719,6.8950696
AKT1S1,15.58719,6.8950696
ZNF80,15.58719,6.8950696
SPIN1,15.58719,6.8950696
RBPMS,15.58719,6.8950696
BCAP31,15.58719,6.8950696
GOLGA7B,15.58719,6.8950696
PRB1,15.58719,6.8950696
CXCR6,15.58719,6.8950696
ARGFX,15.58719,6.8950696
DBH,15.58719,6.8950696
PON2,15.58719,6.8950696
CYB561D1,15.58719,6.8950696
DUSP18,15.58719,6.8950696
COX4I1,15.58719,6.8950696
TRPV2,15.58719,6.8950696
TMEM47,15.58719,6.8950696
PAQR9,15.58719,6.8950696
MCIDAS,15.58719,6.8950696
GSTO2,15.58719,6.8950696
TMEM106B,15.58719,6.8950696
ZNRF4,15.58719,6.8950696
NMRK2,15.58719,6.8950696
IZUMO3,15.58719,6.8950696
DUSP22,15.58719,6.8950696
PILRB,15.58719,6.8950696
DCTN3,15.58719,6.8950696
PIGX,15.58719,6.8950696
CCDC134,15.58719,6.8950696
TPGS2,15.58719,6.8950696
C12orf29,15.58719,6.8950696
RPS9,15.58719,6.8950696
ADM2,15.58719,6.8950696
SPATA4,15.58719,6.8950696
ZNF785,15.58719,6.8950696
PPP1R35,15.58719,6.8950696
TNFRSF9,15.58719,6.8950696
SNX16,15.58719,6.8950696
SYNGR3,15.58719,6.8950696
HIST1H3I,15.58719,6.8950696
C11orf1,15.58719,6.8950696
NIPSNAP3B,15.58719,6.8950696
CCNG1,15.58719,6.8950696
UBE2I,15.58719,6.8950696
RAP1B,15.58719,6.8950696
LIMA1,15.58719,6.8950696
SPC24,15.58719,6.8950696
AGTR2,15.58719,6.8950696
KIAA0355,15.58719,6.8950696
CAVIN4,15.58719,6.8950696
TMEM178B,15.58719,6.8950696
EPPIN,15.58719,6.8950696
YEATS2,15.58719,6.8950696
TESC,15.58719,6.8950696
CBLN4,15.58719,6.8950696
NUBP2,15.58719,6.8950696
CALML3,15.58719,6.8950696
PTPN4,15.58719,6.8950696
BTG3,15.58719,6.8950696
H1FNT,15.58719,6.8950696
CHCHD6,15.58719,6.8950696
RPP21,15.58719,6.8950696
TENT5D,15.58719,6.8950696
HCAR1,15.58719,6.8950696
GPR20,15.58719,6.8950696
MNDA,15.58719,6.8950696
SUSD6,15.58719,6.8950696
PLAGL1,15.58719,6.8950696
FKBP2,15.58719,6.8950696
HIST1H3J,15.58719,6.8950696
XPO4,15.58719,6.8950696
ZCCHC13,15.58719,6.8950696
PFN1,15.58719,6.8950696
TRIM31,15.58719,6.8950696
ZNF679,15.58719,6.8950696
KCNK18,15.58719,6.8950696
LBHD1,15.58719,6.8950696
SNAP23,15.58719,6.8950696
CHURC1,15.58719,6.8950696
HRASLS,15.58719,6.8950696
UBE2E1,15.58719,6.8950696
DBP,15.58719,6.8950696
MYL9,15.58719,6.8950696
FGF23,15.58719,6.8950696
PFN3,15.58719,6.8950696
TLCD2,15.58719,6.8950696
FGF1,15.58719,6.8950696
PLEKHB1,15.58719,6.8950696
SPTBN1,15.58719,6.8950696
BCL2L14,15.58719,6.8950696
OSTF1,15.58719,6.8950696
GRAMD1B,15.58719,6.8950696
CD1A,15.58719,6.8950696
PGRMC1,15.58719,6.8950696
MSANTD3,15.58719,6.8950696
FAM110A,15.58719,6.8950696
FGF20,15.58719,6.8950696
PRR16,15.58719,6.8950696
ISOC2,15.58719,6.8950696
SPATA19,15.58719,6.8950696
PPIP5K1,15.58719,6.8950696
OMG,15.58719,6.8950696
CCDC59,15.58719,6.8950696
OAZ3,15.58719,6.8950696
HMGB4,15.58719,6.8950696
SIVA1,15.58719,6.8950696
DRICH1,15.58719,6.8950696
LHPP,15.58719,6.8950696
SPATA32,15.58719,6.8950696
GSTK1,15.58719,6.8950696
SINHCAF,15.58719,6.8950696
MTERF2,15.58719,6.8950696
GSTM2,15.58719,6.8950696
DNAI1,15.58719,6.8950696
LRRC75B,15.58719,6.8950696
ATP6V0E2,15.58719,6.8950696
CLDN2,15.58719,6.8950696
HIST1H2AM,15.58719,6.8950696
FTMT,15.58719,6.8950696
SLC31A1,15.58719,6.8950696
TAF13,15.58719,6.8950696
GPR65,15.58719,6.8950696
MTG1,15.58719,6.8950696
CEACAM8,15.58719,6.8950696
SPEF1,15.58719,6.8950696
MICA,15.58719,6.8950696
CAPS,15.58719,6.8950696
RPS7,15.58719,6.8950696
GOLGA6L6,15.58719,6.8950696
MYL10,15.58719,6.8950696
PON3,15.58719,6.8950696
CCDC166,15.58719,6.8950696
TRAPPC1,15.58719,6.8950696
MRPL51,15.58719,6.8950696
IL32,15.58719,6.8950696
UBAP1L,15.58719,6.8950696
RGS17,15.58719,6.8950696
TMC3,15.58719,6.8950696
SPEM1,15.58719,6.8950696
MRPS2,15.58719,6.8950696
TRAPPC3,15.58719,6.8950696
SKA3,15.58719,6.8950696
NUTM2F,15.58719,6.8950696
RPL28,15.58719,6.8950696
PAPOLA,15.58719,6.8950696
TNNC2,15.58719,6.8950696
ZNF708,15.58719,6.8950696
TGIF2,15.58719,6.8950696
PAX9,15.58719,6.8950696
RABL2B,15.58719,6.8950696
TMEM150A,15.58719,6.8950696
BCL7C,15.58719,6.8950696
ZNF141,15.58719,6.8950696
ANKRD7,15.58719,6.8950696
MCUR1,15.58719,6.8950696
RPL23A,15.58719,6.8950696
CPSF4L,15.58719,6.8950696
NAT16,15.58719,6.8950696
STMN3,15.58719,6.8950696
FAM162B,15.58719,6.8950696
ZNF90,15.58719,6.8950696
CCDC153,15.58719,6.8950696
PRSS45,15.58719,6.8950696
MRGPRF,15.58719,6.8950696
PSENEN,15.58719,6.8950696
ANAPC10,15.58719,6.8950696
LYPD6,15.58719,6.8950696
CCDC32,15.58719,6.8950696
ZNF558,15.58719,6.8950696
RPL9,15.58719,6.8950696
RAB18,15.58719,6.8950696
NXPH3,15.58719,6.8950696
RXFP4,15.58719,6.8950696
CIB2,15.58719,6.8950696
TYW3,15.58719,6.8950696
TMEM182,15.58719,6.8950696
FASLG,15.58719,6.8950696
MC4R,15.58719,6.8950696
ELP5,15.58719,6.8950696
IFI35,15.58719,6.8950696
NEURL2,15.58719,6.8950696
NCOA1,15.58719,6.8950696
MED30,15.58719,6.8950696
FRMPD4,15.58719,6.8950696
SCHIP1,15.58719,6.8950696
NOXRED1,15.58719,6.8950696
EMB,15.58719,6.8950696
GZMM,15.58719,6.8950696
C19orf66,15.58719,6.8950696
UBE2D2,15.58719,6.8950696
CXCR1,15.58719,6.8950696
CAPNS2,15.58719,6.8950696
NUDT5,15.58719,6.8950696
DTX3,15.58719,6.8950696
SUPT4H1,15.58719,6.8950696
STX11,15.58719,6.8950696
AL354898.1,15.58719,6.8950696
ZBTB11,15.58719,6.8950696
SUMO3,15.58719,6.8950696
TWSG1,15.58719,6.8950696
LGALSL,15.58719,6.8950696
EDN1,15.58719,6.8950696
RSL24D1,15.58719,6.8950696
SLC10A4,15.58719,6.8950696
CTDSP2,15.58719,6.8950696
HUS1,15.58719,6.8950696
GP1BB,15.58719,6.8950696
KCNC1,15.58719,6.8950696
HMGB2,15.58719,6.8950696
PGLYRP4,15.58719,6.8950696
TPD52,15.58719,6.8950696
ZNF593,15.58719,6.8950696
RBM18,15.58719,6.8950696
SCN8A,15.58719,6.8950696
CLK3,15.58719,6.8950696
HIST1H4D,15.58719,6.8950696
C9orf47,15.58719,6.8950696
EGR2,15.58719,6.8950696
RPP40,15.58719,6.8950696
NTNG1,15.58719,6.8950696
DBI,15.58719,6.8950696
TINAG,15.58719,6.8950696
PROS1,15.58719,6.8950696
LIN28B,15.58719,6.8950696
ATP6V0B,15.58719,6.8950696
TMED8,15.58719,6.8950696
PEG10,15.58719,6.8950696
TMEM185A,15.58719,6.8950696
INSM1,15.58719,6.8950696
SOCS2,15.58719,6.8950696
C8G,15.58719,6.8950696
MCRIP1,15.58719,6.8950696
TCP10L2,15.58719,6.8950696
DPCD,15.58719,6.8950696
VSTM2B,15.58719,6.8950696
ALKBH2,15.58719,6.8950696
SYS1,15.58719,6.8950696
PRR4,15.58719,6.8950696
TCEANC,15.58719,6.8950696
HSD11B1,15.58719,6.8950696
LMO4,15.58719,6.8950696
RHBDD3,15.58719,6.8950696
CHD1,15.58719,6.8950696
GPR132,15.58719,6.8950696
CDC42EP1,15.58719,6.8950696
PLA2G12A,15.58719,6.8950696
ANKRD60,15.58719,6.8950696
EEF1B2,15.58719,6.8950696
CCDC169,15.58719,6.8950696
ADO,15.58719,6.8950696
LRRC3C,15.58719,6.8950696
TRUB2,15.58719,6.8950696
TMEM255B,15.58719,6.8950696
ARL6IP1,15.58719,6.8950696
DPT,15.58719,6.8950696
LRMDA,15.58719,6.8950696
HIST2H2AB,15.58719,6.8950696
ODF3L1,15.58719,6.8950696
MPZL1,15.58719,6.8950696
TNF,15.58719,6.8950696
TTR,15.58719,6.8950696
GLRA1,15.58719,6.8950696
CFH,15.58719,6.8950696
ZNF707,15.58719,6.8950696
H2AFZ,15.58719,6.8950696
POLR2G,15.58719,6.8950696
TSPO,15.58719,6.8950696
ZSCAN4,15.58719,6.8950696
DUSP3,15.58719,6.8950696
TRIM77,15.58719,6.8950696
ORAI2,15.58719,6.8950696
ATP4B,15.58719,6.8950696
CCDC3,15.58719,6.8950696
RHNO1,15.58719,6.8950696
FUT5,15.58719,6.8950696
STEAP1B,15.58719,6.8950696
HIST2H2AC,15.58719,6.8950696
CHP2,15.58719,6.8950696
SNX24,15.58719,6.8950696
TMEM163,15.58719,6.8950696
NKAIN2,15.58719,6.8950696
TRIM40,15.58719,6.8950696
LACTBL1,15.58719,6.8950696
RFESD,15.58719,6.8950696
SFTPA2,15.58719,6.8950696
NPY5R,15.58719,6.8950696
USB1,15.58719,6.8950696
MYCT1,15.58719,6.8950696
SLAMF6,15.58719,6.8950696
EDARADD,15.58719,6.8950696
DDX11,15.58719,6.8950696
IAH1,15.58719,6.8950696
RNF115,15.58719,6.8950696
SUSD2,15.58719,6.8950696
PPP1R3B,15.58719,6.8950696
NXPH2,15.58719,6.8950696
THYN1,15.58719,6.8950696
WFDC8,15.58719,6.8950696
YPEL2,15.58719,6.8950696
EAPP,15.58719,6.8950696
C1QBP,15.58719,6.8950696
C3orf33,15.58719,6.8950696
DCUN1D5,15.58719,6.8950696
TMEM38B,15.58719,6.8950696
PHETA2,15.58719,6.8950696
CBLN2,15.58719,6.8950696
GABRD,15.58719,6.8950696
NEIL2,15.58719,6.8950696
FBXO38,15.58719,6.8950696
LYAR,15.58719,6.8950696
PDGFA,15.58719,6.8950696
NAA38,15.58719,6.8950696
JOSD1,15.58719,6.8950696
IGFBP1,15.58719,6.8950696
MYPOP,15.58719,6.8950696
TMEM268,15.58719,6.8950696
PHYHIPL,15.58719,6.8950696
KDELR3,15.58719,6.8950696
FETUB,15.58719,6.8950696
RSU1,15.58719,6.8950696
FAM221A,15.58719,6.8950696
EMP2,15.58719,6.8950696
RPS19,15.58719,6.8950696
IL1R2,15.58719,6.8950696
ATP1A1,15.58719,6.8950696
FNDC4,15.58719,6.8950696
ITLN2,15.58719,6.8950696
FAM124B,15.58719,6.8950696
TBX1,15.58719,6.8950696
P2RY10,15.58719,6.8950696
ZNF32,15.58719,6.8950696
CLEC18B,15.58719,6.8950696
KLRK1,15.58719,6.8950696
NMRAL1,15.58719,6.8950696
MAMSTR,15.58719,6.8950696
MIA,15.58719,6.8950696
PSMB3,15.58719,6.8950696
MREG,15.58719,6.8950696
NME1,15.58719,6.8950696
GPR119,15.58719,6.8950696
PCDHGA5,15.58719,6.8950696
YIPF5,15.58719,6.8950696
C9orf78,15.58719,6.8950696
APOF,15.58719,6.8950696
TMEM267,15.58719,6.8950696
NCALD,15.58719,6.8950696
SIRPG,15.58719,6.8950696
LITAF,15.58719,6.8950696
ASGR1,15.58719,6.8950696
PIK3CG,15.58719,6.8950696
EMC7,15.58719,6.8950696
ZNF682,15.58719,6.8950696
C1QB,15.58719,6.8950696
DNPH1,15.58719,6.8950696
PSME3,15.58719,6.8950696
DAZL,15.58719,6.8950696
RHEBL1,15.58719,6.8950696
SAXO2,15.58719,6.8950696
SLC22A31,15.58719,6.8950696
YAF2,15.58719,6.8950696
GLO1,15.58719,6.8950696
DFFA,15.58719,6.8950696
AMIGO1,15.58719,6.8950696
TCN1,15.58719,6.8950696
CETN3,15.58719,6.8950696
TMEM130,15.58719,6.8950696
KLK3,15.58719,6.8950696
DUSP28,15.58719,6.8950696
AC010336.1,15.58719,6.8950696
NCR2,15.58719,6.8950696
POP4,15.58719,6.8950696
CCDC34,15.58719,6.8950696
HES2,15.58719,6.8950696
RIC1,15.58719,6.8950696
PEAK3,15.58719,6.8950696
BEAN1,15.58719,6.8950696
NFU1,15.58719,6.8950696
LUZP2,15.58719,6.8950696
PAQR5,15.58719,6.8950696
EML5,15.58719,6.8950696
TNFRSF14,15.58719,6.8950696
ADAT3,15.58719,6.8950696
APIP,15.58719,6.8950696
ANP32B,15.58719,6.8950696
RABL3,15.58719,6.8950696
DCTN6,15.58719,6.8950696
ABCA6,15.58719,6.8950696
SPINT2,15.58719,6.8950696
SERPINA7,15.58719,6.8950696
NXPH4,15.58719,6.8950696
ATP6AP1L,15.58719,6.8950696
IDNK,15.58719,6.8950696
KRTAP16-1,15.58719,6.8950696
PTP4A1,15.58719,6.8950696
PLSCR5,15.58719,6.8950696
GJB7,15.58719,6.8950696
PVRIG,15.58719,6.8950696
TMEM45B,15.58719,6.8950696
ZAR1L,15.58719,6.8950696
TPSD1,15.58719,6.8950696
CAPZA3,15.58719,6.8950696
PDCL,15.58719,6.8950696
ZBTB8OS,15.58719,6.8950696
NDUFB10,15.58719,6.8950696
FNDC11,15.58719,6.8950696
PRR23C,15.58719,6.8950696
MRPS11,15.58719,6.8950696
FAM92B,15.58719,6.8950696
ARF4,15.58719,6.8950696
CD84,15.58719,6.8950696
SIRPB1,15.58719,6.8950696
ZIM3,15.58719,6.8950696
CDCA3,15.58719,6.8950696
CLCF1,15.58719,6.8950696
CCR8,15.58719,6.8950696
BAK1,15.58719,6.8950696
MSRB3,15.58719,6.8950696
SSTR4,15.58719,6.8950696
C22orf31,15.58719,6.8950696
ZNF658,15.58719,6.8950696
ACTR3C,15.58719,6.8950696
FAM3B,15.58719,6.8950696
FOXR2,15.58719,6.8950696
JUNB,15.58719,6.8950696
FAM118A,15.58719,6.8950696
CLDN12,15.58719,6.8950696
SOD1,15.58719,6.8950696
FFAR2,15.58719,6.8950696
MOB2,15.58719,6.8950696
THAP8,15.58719,6.8950696
KCTD6,15.58719,6.8950696
BCL7A,15.58719,6.8950696
PROCA1,15.58719,6.8950696
CASP6,15.58719,6.8950696
IQCD,15.58719,6.8950696
COPZ2,15.58719,6.8950696
CALHM6,15.58719,6.8950696
MARC2,15.58719,6.8950696
UPK3A,15.58719,6.8950696
NAT10,15.58719,6.8950696
PRR25,15.58719,6.8950696
CHIC2,15.58719,6.8950696
SP8,15.58719,6.8950696
RPL35A,15.58719,6.8950696
GPR85,15.58719,6.8950696
GCAT,15.58719,6.8950696
MRTO4,15.58719,6.8950696
PRXL2A,15.58719,6.8950696
METTL21A,15.58719,6.8950696
LTC4S,15.58719,6.8950696
MRPL55,15.58719,6.8950696
RALY,15.58719,6.8950696
AMELX,15.58719,6.8950696
NPTXR,15.58719,6.8950696
TMEM173,15.58719,6.8950696
SNAPC2,15.58719,6.8950696
PCGF6,15.58719,6.8950696
ARID2,15.58719,6.8950696
ACKR3,15.58719,6.8950696
DNAJC30,15.58719,6.8950696
TIPIN,15.58719,6.8950696
BIRC7,15.58719,6.8950696
CLDN24,15.58719,6.8950696
CTDSPL,15.58719,6.8950696
METRNL,15.58719,6.8950696
ST8SIA6,15.58719,6.8950696
LIG3,15.58719,6.8950696
NMU,15.58719,6.8950696
PKN1,15.58719,6.8950696
MARS,15.58719,6.8950696
TMED3,15.58719,6.8950696
ABHD14A,15.58719,6.8950696
ORAI1,15.58719,6.8950696
VPS29,15.58719,6.8950696
FAM3D,15.58719,6.8950696
RAX2,15.58719,6.8950696
INO80B,15.58719,6.8950696
MAGIX,15.58719,6.8950696
TRIM51,15.58719,6.8950696
FCAR,15.58719,6.8950696
SLC50A1,15.58719,6.8950696
CEP44,15.58719,6.8950696
PROCR,15.58719,6.8950696
UBXN10,15.58719,6.8950696
DNAJC5B,15.58719,6.8950696
HPCA,15.58719,6.8950696
LRRC57,15.58719,6.8950696
UBE2G2,15.58719,6.8950696
BHLHA15,15.58719,6.8950696
FIZ1,15.58719,6.8950696
GIMAP6,15.58719,6.8950696
NUTM2G,15.58719,6.8950696
UGT2B17,15.58719,6.8950696
SNRNP25,15.58719,6.8950696
EFCAB1,15.58719,6.8950696
ZNF280B,15.58719,6.8950696
SPERT,15.58719,6.8950696
NSL1,15.58719,6.8950696
SLC39A2,15.58719,6.8950696
UBXN2B,15.58719,6.8950696
C6orf62,15.58719,6.8950696
LRRC55,15.58719,6.8950696
SYF2,15.58719,6.8950696
GMFG,15.58719,6.8950696
HIST1H4C,15.58719,6.8950696
ACP1,15.58719,6.8950696
GMPS,15.58719,6.8950696
MOCS2,15.58719,6.8950696
PPP1R2,15.58719,6.8950696
MRPL48,15.58719,6.8950696
GPER1,15.58719,6.8950696
CEACAM4,15.58719,6.8950696
HES4,15.58719,6.8950696
ZDHHC4,15.58719,6.8950696
DCXR,15.58719,6.8950696
DUSP14,15.58719,6.8950696
CLDN22,15.58719,6.8950696
AKR7A2,15.58719,6.8950696
RPL35,15.58719,6.8950696
MRO,15.58719,6.8950696
AQP11,15.58719,6.8950696
ABCA3,15.58719,6.8950696
CLIC4,15.58719,6.8950696
CDKN3,15.58719,6.8950696
FBXO39,15.58719,6.8950696
TMED1,15.58719,6.8950696
SLC22A23,15.58719,6.8950696
MRPS7,15.58719,6.8950696
NAT1,15.58719,6.8950696
RAD18,15.58719,6.8950696
PPP1R8,15.58719,6.8950696
ISX,15.58719,6.8950696
POLR3H,15.58719,6.8950696
FGF21,15.58719,6.8950696
FBXO2,15.58719,6.8950696
ING4,15.58719,6.8950696
PROKR1,15.58719,6.8950696
RPS23,15.58719,6.8950696
HSPB3,15.58719,6.8950696
ABCB8,15.58719,6.8950696
HIST1H4H,15.58719,6.8950696
CHRNB4,15.58719,6.8950696
FAM173A,15.58719,6.8950696
AP4S1,15.58719,6.8950696
SET,15.58719,6.8950696
FAM185A,15.58719,6.8950696
SLA2,15.58719,6.8950696
ZNHIT2,15.58719,6.8950696
SLFNL1,15.58719,6.8950696
USP41,15.58719,6.8950696
FERD3L,15.58719,6.8950696
IFT46,15.58719,6.8950696
GFRAL,15.58719,6.8950696
OXGR1,15.58719,6.8950696
TOMM20,15.58719,6.8950696
GPRIN2,15.58719,6.8950696
RNF141,15.58719,6.8950696
CNTNAP1,15.58719,6.8950696
SRRD,15.58719,6.8950696
CNPY3,15.58719,6.8950696
GSTM3,15.58719,6.8950696
KLF15,15.58719,6.8950696
PSMB1,15.58719,6.8950696
KLF2,15.58719,6.8950696
LGALS9,15.58719,6.8950696
RPS27A,15.58719,6.8950696
CCDC42,15.58719,6.8950696
HSPB8,15.58719,6.8950696
TCEAL4,15.58719,6.8950696
ANKRD39,15.58719,6.8950696
MGMT,15.58719,6.8950696
RGS7BP,15.58719,6.8950696
FAM199X,15.58719,6.8950696
EIF3D,15.58719,6.8950696
TTC33,15.58719,6.8950696
PIGC,15.58719,6.8950696
CDKN1B,15.58719,6.8950696
FAM78B,15.58719,6.8950696
LRRC59,15.58719,6.8950696
ANAPC11,15.58719,6.8950696
ZNF479,15.58719,6.8950696
RHEB,15.58719,6.8950696
NIP7,15.58719,6.8950696
PSME1,15.58719,6.8950696
SPATA13,15.58719,6.8950696
TMEM9B,15.58719,6.8950696
FAM110B,15.58719,6.8950696
HIST1H2AC,15.58719,6.8950696
LRRC25,15.58719,6.8950696
ZNF575,15.58719,6.8950696
BTBD8,15.58719,6.8950696
ATP6V1E1,15.58719,6.8950696
PRSS48,15.58719,6.8950696
FAM47B,15.58719,6.8950696
TCAP,15.58719,6.8950696
CCR3,15.58719,6.8950696
CPN2,15.58719,6.8950696
TMEM71,15.58719,6.8950696
NAA60,15.58719,6.8950696
CD2BP2,15.58719,6.8950696
ALDH3B1,15.58719,6.8950696
CIDEA,15.58719,6.8950696
DLGAP1,15.58719,6.8950696
VPS37D,15.58719,6.8950696
C4orf47,15.58719,6.8950696
ZNF727,15.58719,6.8950696
TIMD4,15.58719,6.8950696
HORMAD1,15.58719,6.8950696
NMBR,15.58719,6.8950696
C16orf89,15.58719,6.8950696
EPHB6,15.58719,6.8950696
GP5,15.58719,6.8950696
GNE,15.58719,6.8950696
PNMA5,15.58719,6.8950696
AMBN,15.58719,6.8950696
ZNF716,15.58719,6.8950696
NOL3,15.58719,6.8950696
SNCB,15.58719,6.8950696
DNAJC17,15.58719,6.8950696
ALKBH7,15.58719,6.8950696
AFF4,15.58719,6.8950696
OTULINL,15.58719,6.8950696
PNMA2,15.58719,6.8950696
WDR53,15.58719,6.8950696
CD300A,15.58719,6.8950696
EXOSC8,15.58719,6.8950696
TRIM16L,15.58719,6.8950696
NIPSNAP3A,15.58719,6.8950696
ERICH1,15.58719,6.8950696
C2orf68,15.58719,6.8950696
PTAFR,15.58719,6.8950696
GDPGP1,15.58719,6.8950696
FAM131C,15.58719,6.8950696
SFTPA1,15.58719,6.8950696
ATRAID,15.58719,6.8950696
STMND1,15.58719,6.8950696
C11orf42,15.58719,6.8950696
NAA10,15.58719,6.8950696
TNFAIP6,15.58719,6.8950696
HPS5,15.58719,6.8950696
PTS,15.58719,6.8950696
PTCD2,15.58719,6.8950696
TNFSF13B,15.58719,6.8950696
YKT6,15.58719,6.8950696
SKA1,15.58719,6.8950696
PHYHIP,15.58719,6.8950696
CLEC4C,15.58719,6.8950696
SEMA4G,15.58719,6.8950696
SYNDIG1L,15.58719,6.8950696
HENMT1,15.58719,6.8950696
IL10RB,15.58719,6.8950696
ZNF93,15.58719,6.8950696
TRPC4,15.58719,6.8950696
ZNF557,15.58719,6.8950696
ZNF367,15.58719,6.8950696
CLNS1A,15.58719,6.8950696
LHFPL2,15.58719,6.8950696
ZFYVE21,15.58719,6.8950696
AAR2,15.58719,6.8950696
MC3R,15.58719,6.8950696
NABP2,15.58719,6.8950696
EDA2R,15.58719,6.8950696
NAT9,15.58719,6.8950696
MXD1,15.58719,6.8950696
DEDD2,15.58719,6.8950696
GPR183,15.58719,6.8950696
SPRY4,15.58719,6.8950696
CYB561D2,15.58719,6.8950696
HIST1H4B,15.58719,6.8950696
ECM1,15.58719,6.8950696
MRPL16,15.58719,6.8950696
GP1BA,15.58719,6.8950696
RGS8,15.58719,6.8950696
C11orf16,15.58719,6.8950696
ZCCHC17,15.58719,6.8950696
XKR9,15.58719,6.8950696
MYBPC1,15.58719,6.8950696
FOXJ3,15.58719,6.8950696
MSH6,15.58719,6.8950696
PALM,15.58719,6.8950696
RBM24,15.58719,6.8950696
ATOH7,15.58719,6.8950696
MAD2L1,15.58719,6.8950696
SRPRB,15.58719,6.8950696
GDF5OS,15.58719,6.8950696
ZNF562,15.58719,6.8950696
CAVIN1,15.58719,6.8950696
AMY2A,15.58719,6.8950696
ZNF474,15.58719,6.8950696
UBE2E3,15.58719,6.8950696
PABPC4L,15.58719,6.8950696
EMG1,15.58719,6.8950696
KCNIP4,15.58719,6.8950696
CABP7,15.58719,6.8950696
ARL3,15.58719,6.8950696
OPN1LW,15.58719,6.8950696
NME3,15.58719,6.8950696
TFPT,15.58719,6.8950696
MAF1,15.58719,6.8950696
EFL1,15.58719,6.8950696
RAB10,15.58719,6.8950696
C2orf70,15.58719,6.8950696
KLHL28,15.58719,6.8950696
MRPL9,15.58719,6.8950696
FUT3,15.58719,6.8950696
PRAMEF12,15.58719,6.8950696
NFATC2IP,15.58719,6.8950696
ATF3,15.58719,6.8950696
SHKBP1,15.58719,6.8950696
GINS2,15.58719,6.8950696
C6orf141,15.58719,6.8950696
COQ3,15.58719,6.8950696
CDC37L1,15.58719,6.8950696
RNASET2,15.58719,6.8950696
FKBP7,15.58719,6.8950696
MRPL40,15.58719,6.8950696
TMEM222,15.58719,6.8950696
KNOP1,15.58719,6.8950696
NDFIP2,15.58719,6.8950696
HPCAL4,15.58719,6.8950696
MRM2,15.58719,6.8950696
JAGN1,15.58719,6.8950696
ARHGAP5,15.58719,6.8950696
NQO1,15.58719,6.8950696
CALHM1,15.58719,6.8950696
KIAA1257,15.58719,6.8950696
IL17REL,15.58719,6.8950696
LHFPL6,15.58719,6.8950696
PAK6,15.58719,6.8950696
ITPRIPL2,15.58719,6.8950696
EID3,15.58719,6.8950696
PRKAB2,15.58719,6.8950696
ZC2HC1B,15.58719,6.8950696
KLF9,15.58719,6.8950696
COPZ1,15.58719,6.8950696
FAM206A,15.58719,6.8950696
PHF11,15.58719,6.8950696
RAD1,15.58719,6.8950696
VDR,15.58719,6.8950696
PLCXD3,15.58719,6.8950696
MRPL28,15.58719,6.8950696
ARNT,15.58719,6.8950696
NDP,15.58719,6.8950696
USP19,15.58719,6.8950696
PRR35,15.58719,6.8950696
MTIF3,15.58719,6.8950696
RPL26,15.58719,6.8950696
ELK1,15.58719,6.8950696
ZNF764,15.58719,6.8950696
EGFR,15.58719,6.8950696
YDJC,15.58719,6.8950696
SPATA31A1,15.58719,6.8950696
GUCA1B,15.58719,6.8950696
MOB3A,15.58719,6.8950696
OARD1,15.58719,6.8950696
ROGDI,15.58719,6.8950696
PGLS,15.58719,6.8950696
PEX11G,15.58719,6.8950696
RAB5IF,15.58719,6.8950696
SLC25A10,15.58719,6.8950696
HINT2,15.58719,6.8950696
HTR6,15.58719,6.8950696
PLSCR1,15.58719,6.8950696
SPESP1,15.58719,6.8950696
LENG9,15.58719,6.8950696
NRIP2,15.58719,6.8950696
MAIP1,15.58719,6.8950696
SLC9C1,15.58719,6.8950696
KLF10,15.58719,6.8950696
EXOSC6,15.58719,6.8950696
MRPL35,15.58719,6.8950696
HAUS7,15.58719,6.8950696
ZCRB1,15.58719,6.8950696
ODF3L2,15.58719,6.8950696
STYXL1,15.58719,6.8950696
TRAK1,15.58719,6.8950696
ATP5IF1,15.58719,6.8950696
TRIML2,15.58719,6.8950696
HS1BP3,15.58719,6.8950696
ZNF763,15.58719,6.8950696
SYPL2,15.58719,6.8950696
CXCR2,15.58719,6.8950696
MRPS24,15.58719,6.8950696
RPL14,15.58719,6.8950696
PI15,15.58719,6.8950696
SPATA48,15.58719,6.8950696
HAX1,15.58719,6.8950696
RGL4,15.58719,6.8950696
BLVRB,15.58719,6.8950696
ZNF660,15.58719,6.8950696
RAB21,15.58719,6.8950696
TMEM202,15.58719,6.8950696
UBE2G1,15.58719,6.8950696
MFAP5,15.58719,6.8950696
FAM71F1,15.58719,6.8950696
PSMA6,15.58719,6.8950696
NEUROG1,15.58719,6.8950696
SWI5,15.58719,6.8950696
C21orf91,15.58719,6.8950696
BORCS5,15.58719,6.8950696
CSNK1A1L,15.58719,6.8950696
CD79B,15.58719,6.8950696
TACO1,15.58719,6.8950696
FAM168A,15.58719,6.8950696
ZNF280A,15.58719,6.8950696
FAM219A,15.58719,6.8950696
RBM8A,15.58719,6.8950696
NRSN1,15.58719,6.8950696
RAB20,15.58719,6.8950696
LRRC46,15.58719,6.8950696
AGAP2-AS1,15.58719,6.8950696
PENK,15.58719,6.8950696
LPAR3,15.58719,6.8950696
EFNA1,15.58719,6.8950696
MTERF3,15.58719,6.8950696
COQ7,15.58719,6.8950696
LHX1,15.58719,6.8950696
SLC7A6OS,15.58719,6.8950696
FITM2,15.58719,6.8950696
IFT27,15.58719,6.8950696
MEPE,15.58719,6.8950696
DNM1L,15.58719,6.8950696
MDFIC,15.58719,6.8950696
BGN,15.58719,6.8950696
ELSPBP1,15.58719,6.8950696
ZCCHC9,15.58719,6.8950696
CTSA,15.58719,6.8950696
DGAT1,15.58719,6.8950696
DRAM2,15.58719,6.8950696
PRIM2,15.58719,6.8950696
RAB40AL,15.58719,6.8950696
AADAC,15.58719,6.8950696
CNBP,15.58719,6.8950696
VAPA,15.58719,6.8950696
SIGLEC9,15.58719,6.8950696
PPA1,15.58719,6.8950696
WDR5B,15.58719,6.8950696
FITM1,15.58719,6.8950696
TMEM41A,15.58719,6.8950696
HLF,15.58719,6.8950696
ANO7,15.58719,6.8950696
PBK,15.58719,6.8950696
MOB3B,15.58719,6.8950696
SYNPO2,15.58719,6.8950696
NXPH1,15.58719,6.8950696
PHF13,15.58719,6.8950696
TRIM49B,15.58719,6.8950696
TPSG1,15.58719,6.8950696
CLEC10A,15.58719,6.8950696
C1orf50,15.58719,6.8950696
SAR1A,15.58719,6.8950696
TMEM205,15.58719,6.8950696
ZDHHC21,15.58719,6.8950696
SLC9A3R1,15.58719,6.8950696
DKK4,15.58719,6.8950696
UBE2B,15.58719,6.8950696
ANKRD34C,15.58719,6.8950696
CCDC25,15.58719,6.8950696
CACNA1I,15.58719,6.8950696
IGFBP5,15.58719,6.8950696
ISCU,15.58719,6.8950696
EMP1,15.58719,6.8950696
PPARD,15.58719,6.8950696
C1orf35,15.58719,6.8950696
SLC52A1,15.58719,6.8950696
POTEC,15.58719,6.8950696
SGF29,15.58719,6.8950696
GPR3,15.58719,6.8950696
UBA52,15.58719,6.8950696
CENPL,15.58719,6.8950696
GAB4,15.58719,6.8950696
IMPDH2,15.58719,6.8950696
BOLL,15.58719,6.8950696
CCNG2,15.58719,6.8950696
BDH2,15.58719,6.8950696
CLSTN3,15.58719,6.8950696
ZFP36L1,15.58719,6.8950696
KIFAP3,15.58719,6.8950696
PI16,15.58719,6.8950696
NDUFA8,15.58719,6.8950696
CXCR3,15.58719,6.8950696
NGF,15.58719,6.8950696
RPL7A,15.58719,6.8950696
MTX3,15.58719,6.8950696
SCAMP5,15.58719,6.8950696
ZNF730,15.58719,6.8950696
LDLRAP1,15.58719,6.8950696
YOD1,15.58719,6.8950696
CHMP4A,15.58719,6.8950696
SFPQ,15.58719,6.8950696
CD244,15.58719,6.8950696
ZNF83,15.58719,6.8950696
RIC3,15.58719,6.8950696
CBX6,15.58719,6.8950696
LILRB4,15.58719,6.8950696
GIF,15.58719,6.8950696
ACER3,15.58719,6.8950696
TRAPPC3L,15.58719,6.8950696
ARL6,15.58719,6.8950696
PSMG1,15.58719,6.8950696
PLEKHF2,15.58719,6.8950696
KLK7,15.58719,6.8950696
CCNC,15.58719,6.8950696
ZSCAN16,15.58719,6.8950696
CBR3,15.58719,6.8950696
ZNF92,15.58719,6.8950696
ZNF597,15.58719,6.8950696
CCDC90B,15.58719,6.8950696
ART3,15.58719,6.8950696
TDRP,15.58719,6.8950696
NT5C,15.58719,6.8950696
STPG1,15.58719,6.8950696
LYPLA2,15.58719,6.8950696
IL20RB,15.58719,6.8950696
ZSWIM1,15.58719,6.8950696
C16orf78,15.58719,6.8950696
ANKRD46,15.58719,6.8950696
KCNA7,15.58719,6.8950696
FSIP1,15.58719,6.8950696
ENKD1,15.58719,6.8950696
IER5L,15.58719,6.8950696
ZBTB12,15.58719,6.8950696
EXTL1,15.58719,6.8950696
RHOA,15.58719,6.8950696
ART5,15.58719,6.8950696
PCDH12,15.58719,6.8950696
C12orf43,15.58719,6.8950696
GADD45GIP1,15.58719,6.8950696
DUXA,15.58719,6.8950696
SURF2,15.58719,6.8950696
MANBA,15.58719,6.8950696
TMEM200A,15.58719,6.8950696
IGF1,15.58719,6.8950696
SULT2A1,15.58719,6.8950696
CPO,15.58719,6.8950696
ADI1,15.58719,6.8950696
CD40,15.58719,6.8950696
RITA1,15.58719,6.8950696
RAB40A,15.58719,6.8950696
RNF133,15.58719,6.8950696
C7orf57,15.58719,6.8950696
CLUL1,15.58719,6.8950696
C4orf51,15.58719,6.8950696
CD68,15.58719,6.8950696
SP7,15.58719,6.8950696
FAM133B,15.58719,6.8950696
BLVRA,15.58719,6.8950696
ZBTB9,15.58719,6.8950696
ZMAT3,15.58719,6.8950696
ZNF732,15.58719,6.8950696
KLK15,15.58719,6.8950696
PRTN3,15.58719,6.8950696
TMEM144,15.58719,6.8950696
GPR182,15.58719,6.8950696
SYMPK,15.58719,6.8950696
RGS4,15.58719,6.8950696
TAAR2,15.58719,6.8950696
TMEM80,15.58719,6.8950696
HDDC2,15.58719,6.8950696
KCNK12,15.58719,6.8950696
AURKC,15.58719,6.8950696
TMEM200B,15.58719,6.8950696
STX12,15.58719,6.8950696
IRF2BP2,15.58719,6.8950696
CCDC103,15.58719,6.8950696
ADM,15.58719,6.8950696
ANKH,15.58719,6.8950696
IGFBPL1,15.58719,6.8950696
STMN1,15.58719,6.8950696
MOSPD3,15.58719,6.8950696
MCOLN1,15.58719,6.8950696
C6orf58,15.58719,6.8950696
FAM187A,15.58719,6.8950696
KTI12,15.58719,6.8950696
TMEM41B,15.58719,6.8950696
ERCC6L,15.58719,6.8950696
UBE2E2,15.58719,6.8950696
AP1S1,15.58719,6.8950696
PSG11,15.58719,6.8950696
APOL3,15.58719,6.8950696
CCT8L2,15.58719,6.8950696
CD300LF,15.58719,6.8950696
LDHAL6B,15.58719,6.8950696
NOTO,15.58719,6.8950696
CDK11B,15.58719,6.8950696
NCKAP5,15.58719,6.8950696
GPR88,15.58719,6.8950696
LILRA2,15.58719,6.8950696
PDYN,15.58719,6.8950696
CFHR1,15.58719,6.8950696
RPF2,15.58719,6.8950696
FAM47E,15.58719,6.8950696
SLC36A3,15.58719,6.8950696
GNAT1,15.58719,6.8950696
MAGOH,15.58719,6.8950696
ALKBH4,15.58719,6.8950696
CASP3,15.58719,6.8950696
PSG2,15.58719,6.8950696
SPDYA,15.58719,6.8950696
GPR139,15.58719,6.8950696
CCDC122,15.58719,6.8950696
MYL1,15.58719,6.8950696
FAM47E-STBD1,15.58719,6.8950696
PTX3,15.58719,6.8950696
RPL17,15.58719,6.8950696
BPIFB1,15.58719,6.8950696
PDGFRL,15.58719,6.8950696
COMT,15.58719,6.8950696
CDKN1A,15.58719,6.8950696
PYM1,15.58719,6.8950696
POLR3GL,15.58719,6.8950696
GRXCR2,15.58719,6.8950696
MBLAC1,15.58719,6.8950696
HIST1H2AH,15.58719,6.8950696
PRXL2B,15.58719,6.8950696
GCA,15.58719,6.8950696
PGLYRP3,15.58719,6.8950696
ARL15,15.58719,6.8950696
RALYL,15.58719,6.8950696
MRPS25,15.58719,6.8950696
LTB,15.58719,6.8950696
COQ10B,15.58719,6.8950696
STX17,15.58719,6.8950696
DCLRE1A,15.58719,6.8950696
MAB21L3,15.58719,6.8950696
SLX4IP,15.58719,6.8950696
VSTM2A,15.58719,6.8950696
VDAC3,15.58719,6.8950696
TMEM200C,15.58719,6.8950696
LRRC72,15.58719,6.8950696
CS,15.58719,6.8950696
KCNK9,15.58719,6.8950696
F12,15.58719,6.8950696
TMED7,15.58719,6.8950696
VAT1,15.58719,6.8950696
UTS2R,15.58719,6.8950696
COPB2,15.58719,6.8950696
SEMA3G,15.58719,6.8950696
SIGLEC15,15.58719,6.8950696
IL10,15.58719,6.8950696
NUP188,15.58719,6.8950696
MRPL21,15.58719,6.8950696
UBTD1,15.58719,6.8950696
TNNC1,15.58719,6.8950696
ZNF260,15.58719,6.8950696
CSPG5,15.58719,6.8950696
AVP,15.58719,6.8950696
AES,15.58719,6.8950696
VAPB,15.58719,6.8950696
RPP30,15.58719,6.8950696
ASF1B,15.58719,6.8950696
ST6GAL1,15.58719,6.8950696
RNF166,15.58719,6.8950696
APLNR,15.58719,6.8950696
FMOD,15.58719,6.8950696
SCG5,15.58719,6.8950696
CCDC107,15.58719,6.8950696
CEP164,15.58719,6.8950696
PXMP4,15.58719,6.8950696
LETMD1,15.58719,6.8950696
EHD2,15.58719,6.8950696
FGF10,15.58719,6.8950696
BCCIP,15.58719,6.8950696
ZNF696,15.58719,6.8950696
BEND2,15.58719,6.8950696
STIP1,15.58719,6.8950696
UPB1,15.58719,6.8950696
ELK4,15.58719,6.8950696
MIF4GD,15.58719,6.8950696
PACS1,15.58719,6.8950696
CHSY1,15.58719,6.8950696
C8orf58,15.58719,6.8950696
TST,15.58719,6.8950696
ZNF772,15.58719,6.8950696
TMEM216,15.58719,6.8950696
CCDC116,15.58719,6.8950696
TMX4,15.58719,6.8950696
ZWINT,15.58719,6.8950696
CD320,15.58719,6.8950696
SUCNR1,15.58719,6.8950696
ZNF713,15.58719,6.8950696
MR1,15.58719,6.8950696
BMF,15.58719,6.8950696
INPP1,15.58719,6.8950696
C1QTNF6,15.58719,6.8950696
SP5,15.58719,6.8950696
MPZL2,15.58719,6.8950696
NGRN,15.58719,6.8950696
CRYAB,15.58719,6.8950696
EDEM2,15.58719,6.8950696
NFIA,15.58719,6.8950696
CCR6,15.58719,6.8950696
ACVRL1,15.58719,6.8950696
ASB11,15.58719,6.8950696
ZNF273,15.58719,6.8950696
TRUB1,15.58719,6.8950696
BTF3,15.58719,6.8950696
AIG1,15.58719,6.8950696
ZNF230,15.58719,6.8950696
B3GNT4,15.58719,6.8950696
LAX1,15.58719,6.8950696
SLC35E4,15.58719,6.8950696
POLR2H,15.58719,6.8950696
DNASE1L1,15.58719,6.8950696
EDN3,15.58719,6.8950696
CFAP20,15.58719,6.8950696
TSSK1B,15.58719,6.8950696
ARL5A,15.58719,6.8950696
FAM19A3,15.58719,6.8950696
RIPK4,15.58719,6.8950696
KCNJ4,15.58719,6.8950696
AGFG2,15.58719,6.8950696
PARK7,15.58719,6.8950696
MYLPF,15.58719,6.8950696
FAHD1,15.58719,6.8950696
SELENOS,15.58719,6.8950696
LAMP1,15.58719,6.8950696
CENPU,15.58719,6.8950696
CALM1,15.58719,6.8950696
TMEM248,15.58719,6.8950696
FCRL1,15.58719,6.8950696
TARM1,15.58719,6.8950696
RIBC2,15.58719,6.8950696
RNPS1,15.58719,6.8950696
STX7,15.58719,6.8950696
UCHL3,15.58719,6.8950696
RHOD,15.58719,6.8950696
BTNL3,15.58719,6.8950696
ZNF771,15.58719,6.8950696
MRPL18,15.58719,6.8950696
PAG1,15.58719,6.8950696
RAB27A,15.58719,6.8950696
MAST3,15.58719,6.8950696
JUN,15.58719,6.8950696
BCL2L11,15.58719,6.8950696
DHDH,15.58719,6.8950696
ADH5,15.58719,6.8950696
CEACAM16,15.58719,6.8950696
SBSN,15.58719,6.8950696
REEP6,15.58719,6.8950696
CDIPT,15.58719,6.8950696
SOD2,15.58719,6.8950696
TMEM64,15.58719,6.8950696
TECRL,15.58719,6.8950696
RAB17,15.58719,6.8950696
TMEM235,15.58719,6.8950696
TM2D2,15.58719,6.8950696
ZNF117,15.58719,6.8950696
IL1B,15.58719,6.8950696
SOSTDC1,15.58719,6.8950696
OMD,15.58719,6.8950696
CNR2,15.58719,6.8950696
SEL1L3,15.58719,6.8950696
CCDC198,15.58719,6.8950696
EIF4E1B,15.58719,6.8950696
PDCD2L,15.58719,6.8950696
ETFBKMT,15.58719,6.8950696
IKZF5,15.58719,6.8950696
CASP4,15.58719,6.8950696
GPR101,15.58719,6.8950696
GZMK,15.58719,6.8950696
AQP10,15.58719,6.8950696
ANKRD34B,15.58719,6.8950696
TEPP,15.58719,6.8950696
C6orf89,15.58719,6.8950696
SCXB,15.58719,6.8950696
C1orf109,15.58719,6.8950696
MRPL44,15.58719,6.8950696
EDN2,15.58719,6.8950696
P2RY11,15.58719,6.8950696
RNF135,15.58719,6.8950696
NXPE1,15.58719,6.8950696
TP53I11,15.58719,6.8950696
DPP8,15.58719,6.8950696
ZFP92,15.58719,6.8950696
RIMBP3,15.58719,6.8950696
DKK1,15.58719,6.8950696
RAD51B,15.58719,6.8950696
KCNK16,15.58719,6.8950696
ITLN1,15.58719,6.8950696
CLIC1,15.58719,6.8950696
RAB28,15.58719,6.8950696
CCDC83,15.58719,6.8950696
TSSK6,15.58719,6.8950696
KIR3DL2,15.58719,6.8950696
DSPP,15.58719,6.8950696
LARGE1,15.58719,6.8950696
LRPAP1,15.58719,6.8950696
FAM107B,15.58719,6.8950696
ALAS2,15.58719,6.8950696
GAN,15.58719,6.8950696
STXBP5,15.58719,6.8950696
ZNF519,15.58719,6.8950696
PPIL6,15.58719,6.8950696
RPS18,15.58719,6.8950696
RAB27B,15.58719,6.8950696
PHOSPHO1,15.58719,6.8950696
PARP8,15.58719,6.8950696
HPRT1,15.58719,6.8950696
CCNH,15.58719,6.8950696
BCAS1,15.58719,6.8950696
TSPAN31,15.58719,6.8950696
ZSCAN23,15.58719,6.8950696
GATAD1,15.58719,6.8950696
FAM189A1,15.58719,6.8950696
ZMAT2,15.58719,6.8950696
TM2D3,15.58719,6.8950696
NDUFAF4,15.58719,6.8950696
DBNDD2,15.58719,6.8950696
RCVRN,15.58719,6.8950696
RANBP1,15.58719,6.8950696
DCAF12L1,15.58719,6.8950696
MESP1,15.58719,6.8950696
TNFRSF10D,15.58719,6.8950696
HHLA2,15.58719,6.8950696
DUS4L,15.58719,6.8950696
ESD,15.58719,6.8950696
SIGLEC5,15.58719,6.8950696
MLYCD,15.58719,6.8950696
RPS20,15.58719,6.8950696
SIGMAR1,15.58719,6.8950696
B3GNT3,15.58719,6.8950696
ZNF19,15.58719,6.8950696
CDK1,15.58719,6.8950696
OTULIN,15.58719,6.8950696
NXF5,15.58719,6.8950696
PABPC5,15.58719,6.8950696
ATP5PB,15.58719,6.8950696
MTNR1A,15.58719,6.8950696
C1orf198,15.58719,6.8950696
ZNF253,15.58719,6.8950696
PPP1R3G,15.58719,6.8950696
F3,15.58719,6.8950696
ANKDD1B,15.58719,6.8950696
TMEM56,15.58719,6.8950696
OAZ1,15.58719,6.8950696
EIF3B,15.58719,6.8950696
SLAMF8,15.58719,6.8950696
SLC38A11,15.58719,6.8950696
RAPGEF3,15.58719,6.8950696
ZNF680,15.58719,6.8950696
SIM1,15.58719,6.8950696
SOWAHA,15.58719,6.8950696
AZU1,15.58719,6.8950696
SRSF9,15.58719,6.8950696
TTC9,15.58719,6.8950696
AMIGO2,15.58719,6.8950696
PUSL1,15.58719,6.8950696
JAZF1,15.58719,6.8950696
TADA1,15.58719,6.8950696
NDUFV2,15.58719,6.8950696
CRTAM,15.58719,6.8950696
MCL1,15.58719,6.8950696
FAM166A,15.58719,6.8950696
INTS13,15.58719,6.8950696
ZNF610,15.58719,6.8950696
MYL4,15.58719,6.8950696
GLYATL3,15.58719,6.8950696
TRAF1,15.58719,6.8950696
BRICD5,15.58719,6.8950696
LIPT1,15.58719,6.8950696
RBM42,15.58719,6.8950696
PDE1B,15.58719,6.8950696
RHOG,15.58719,6.8950696
ZCWPW2,15.58719,6.8950696
SSR3,15.58719,6.8950696
LPAR6,15.58719,6.8950696
FAM71A,15.58719,6.8950696
KRBA2,15.58719,6.8950696
ZDHHC24,15.58719,6.8950696
MYL3,15.58719,6.8950696
ZNF639,15.58719,6.8950696
FBXL14,15.58719,6.8950696
IFNAR2,15.58719,6.8950696
MPIG6B,15.58719,6.8950696
TNFRSF13B,15.58719,6.8950696
STRA8,15.58719,6.8950696
TMUB2,15.58719,6.8950696
TMEM9,15.58719,6.8950696
TMX1,15.58719,6.8950696
SYNGR1,15.58719,6.8950696
TTLL2,15.58719,6.8950696
ZIK1,15.58719,6.8950696
EPC2,15.58719,6.8950696
SLC25A52,15.58719,6.8950696
MACROD1,15.58719,6.8950696
C2CD4A,15.58719,6.8950696
CFAP97,15.58719,6.8950696
EEF1AKMT2,15.58719,6.8950696
TUBGCP6,15.58719,6.8950696
BRIX1,15.58719,6.8950696
IDO1,15.58719,6.8950696
LMO1,15.58719,6.8950696
APOL1,15.58719,6.8950696
USF3,15.58719,6.8950696
NTSR2,15.58719,6.8950696
CAV2,15.58719,6.8950696
TNFSF15,15.58719,6.8950696
RNF126,15.58719,6.8950696
DRD4,15.58719,6.8950696
RCAN2,15.58719,6.8950696
FBXO11,15.58719,6.8950696
ELOVL7,15.58719,6.8950696
ENOPH1,15.58719,6.8950696
RNF149,15.58719,6.8950696
PCGF1,15.58719,6.8950696
LBP,15.58719,6.8950696
GGCT,15.58719,6.8950696
AIDA,15.58719,6.8950696
GPS2,15.58719,6.8950696
THAP10,15.58719,6.8950696
POU6F2,15.58719,6.8950696
MYOZ1,15.58719,6.8950696
METTL6,15.58719,6.8950696
GPR25,15.58719,6.8950696
RPS14,15.58719,6.8950696
IRAK1BP1,15.58719,6.8950696
GRPR,15.58719,6.8950696
RPTOR,15.58719,6.8950696
CSF1,15.58719,6.8950696
APH1B,15.58719,6.8950696
GSTZ1,15.58719,6.8950696
CCR5,15.58719,6.8950696
APOA1,15.58719,6.8950696
NOL7,15.58719,6.8950696
PTGDR,15.58719,6.8950696
CXCR5,15.58719,6.8950696
FSTL3,15.58719,6.8950696
NCS1,15.58719,6.8950696
LDLRAD4,15.58719,6.8950696
AIMP1,15.58719,6.8950696
SULT1E1,15.58719,6.8950696
MTFR1L,15.58719,6.8950696
SCAMP4,15.58719,6.8950696
PDAP1,15.58719,6.8950696
KHDC1,15.58719,6.8950696
UBE2T,15.58719,6.8950696
STX4,15.58719,6.8950696
CASP1,15.58719,6.8950696
TSPAN8,15.58719,6.8950696
TACSTD2,15.58719,6.8950696
CCND2,15.58719,6.8950696
IQCG,15.58719,6.8950696
UPF2,15.58719,6.8950696
RPUSD3,15.58719,6.8950696
FCER2,15.58719,6.8950696
SULT6B1,15.58719,6.8950696
SLC35B3,15.58719,6.8950696
CATIP,15.58719,6.8950696
SIRT4,15.58719,6.8950696
ZNF177,15.58719,6.8950696
RBMX2,15.58719,6.8950696
YIF1A,15.58719,6.8950696
BPIFB6,15.58719,6.8950696
SDCBP2,15.58719,6.8950696
MPZL3,15.58719,6.8950696
CD207,15.58719,6.8950696
DNAJC4,15.58719,6.8950696
SETDB2,15.58719,6.8950696
TOMM40L,15.58719,6.8950696
NRP1,15.58719,6.8950696
ZNF891,15.58719,6.8950696
LILRA1,15.58719,6.8950696
S1PR3,15.58719,6.8950696
HSD17B11,15.58719,6.8950696
NT5DC1,15.58719,6.8950696
RPL7L1,15.58719,6.8950696
SSSCA1,15.58719,6.8950696
CGAS,15.58719,6.8950696
SUPT7L,15.58719,6.8950696
MRPL20,15.58719,6.8950696
B3GALT6,15.58719,6.8950696
RAB12,15.58719,6.8950696
PRKAB1,15.58719,6.8950696
DTD1,15.58719,6.8950696
SNCG,15.58719,6.8950696
MCHR1,15.58719,6.8950696
KERA,15.58719,6.8950696
PDCD10,15.58719,6.8950696
IL22RA2,15.58719,6.8950696
CACNG1,15.58719,6.8950696
CAPZA1,15.58719,6.8950696
MRPS18B,15.58719,6.8950696
OXNAD1,15.58719,6.8950696
CD8A,15.58719,6.8950696
CCDC127,15.58719,6.8950696
LIPJ,15.58719,6.8950696
CMPK1,15.58719,6.8950696
ZNF485,15.58719,6.8950696
C1GALT1,15.58719,6.8950696
MRPS14,15.58719,6.8950696
PTK7,15.58719,6.8950696
PSMA7,15.58719,6.8950696
YIPF2,15.58719,6.8950696
FUT6,15.58719,6.8950696
TRH,15.58719,6.8950696
ZNF843,15.58719,6.8950696
RRP7A,15.58719,6.8950696
LSM4,15.58719,6.8950696
SNAI1,15.58719,6.8950696
THAP6,15.58719,6.8950696
MOGAT1,15.58719,6.8950696
FAM76A,15.58719,6.8950696
RNF114,15.58719,6.8950696
ZNF677,15.58719,6.8950696
ZNF600,15.58719,6.8950696
OLR1,15.58719,6.8950696
P2RY6,15.58719,6.8950696
ZBTB43,15.58719,6.8950696
SSB,15.58719,6.8950696
GPR6,15.58719,6.8950696
ANHX,15.58719,6.8950696
MFSD12,15.58719,6.8950696
GLI4,15.58719,6.8950696
PAPSS2,15.58719,6.8950696
CLEC4M,15.58719,6.8950696
ABHD13,15.58719,6.8950696
ZNF630,15.58719,6.8950696
TAGLN3,15.58719,6.8950696
RIMS1,15.58719,6.8950696
UCHL1,15.58719,6.8950696
BIN3,15.58719,6.8950696
SPATA2L,15.58719,6.8950696
CNPY4,15.58719,6.8950696
LGALS4,15.58719,6.8950696
SBK1,15.58719,6.8950696
HVCN1,15.58719,6.8950696
SMC3,15.58719,6.8950696
PDLIM4,15.58719,6.8950696
BORCS6,15.58719,6.8950696
GALR1,15.58719,6.8950696
BAG1,15.58719,6.8950696
TMEM101,15.58719,6.8950696
CLDN11,15.58719,6.8950696
CFAP77,15.58719,6.8950696
CEBPE,15.58719,6.8950696
A1BG,15.58719,6.8950696
IGFBP6,15.58719,6.8950696
ZFP57,15.58719,6.8950696
TM6SF2,15.58719,6.8950696
C22orf23,15.58719,6.8950696
HIST1H2AJ,15.58719,6.8950696
UBE2S,15.58719,6.8950696
VPS37C,15.58719,6.8950696
TEKT1,15.58719,6.8950696
EXOC3L2,15.58719,6.8950696
ZNF765,15.58719,6.8950696
S1PR4,15.58719,6.8950696
TMEM115,15.58719,6.8950696
SMNDC1,15.58719,6.8950696
RAB1A,15.58719,6.8950696
PCED1A,15.58719,6.8950696
CCDC24,15.58719,6.8950696
KLK4,15.58719,6.8950696
SGTB,15.58719,6.8950696
SNX20,15.58719,6.8950696
SLC35E2B,15.58719,6.8950696
NHLH2,15.58719,6.8950696
FKBP11,15.58719,6.8950696
SUSD5,15.58719,6.8950696
RHCE,15.58719,6.8950696
GPR50,15.58719,6.8950696
WDR38,15.58719,6.8950696
LDLRAD1,15.58719,6.8950696
PAQR8,15.58719,6.8950696
PHLDA1,15.58719,6.8950696
SYNDIG1,15.58719,6.8950696
GPR157,15.58719,6.8950696
AKR1B1,15.58719,6.8950696
MRPL47,15.58719,6.8950696
SYNPR,15.58719,6.8950696
CA2,15.58719,6.8950696
HAUS4,15.58719,6.8950696
OXCT2,15.58719,6.8950696
UBE2K,15.58719,6.8950696
ZC4H2,15.58719,6.8950696
PMF1,15.58719,6.8950696
RWDD2B,15.58719,6.8950696
PYGO2,15.58719,6.8950696
CDCP2,15.58719,6.8950696
ELK3,15.58719,6.8950696
NUDT18,15.58719,6.8950696
ARC,15.58719,6.8950696
RASSF6,15.58719,6.8950696
TMEM255A,15.58719,6.8950696
UBE3D,15.58719,6.8950696
LIX1,15.58719,6.8950696
VPS25,15.58719,6.8950696
CYP2C19,15.58719,6.8950696
TNKS,15.58719,6.8950696
CXCR4,15.58719,6.8950696
PSMB2,15.58719,6.8950696
CD27,15.58719,6.8950696
STX6,15.58719,6.8950696
SSTR5,15.58719,6.8950696
PLAGL2,15.58719,6.8950696
SERPINA6,15.58719,6.8950696
KDF1,15.58719,6.8950696
SUN3,15.58719,6.8950696
ANKRA2,15.58719,6.8950696
TMEM109,15.58719,6.8950696
ATPAF1,15.58719,6.8950696
CLCN3,15.58719,6.8950696
ZNF561,15.58719,6.8950696
ZNF654,15.58719,6.8950696
GINS4,15.58719,6.8950696
OTUB1,15.58719,6.8950696
HES7,15.58719,6.8950696
ARPC4,15.58719,6.8950696
RASA1,15.58719,6.8950696
ZNF302,15.58719,6.8950696
BCL2L13,15.58719,6.8950696
TP53I3,15.58719,6.8950696
NPC1L1,15.58719,6.8950696
SWSAP1,15.58719,6.8950696
GTF3A,15.58719,6.8950696
IFT43,15.58719,6.8950696
P2RY4,15.58719,6.8950696
TMEM246,15.58719,6.8950696
PSMB6,15.58719,6.8950696
NUP62,15.58719,6.8950696
GDE1,15.58719,6.8950696
BSG,15.58719,6.8950696
CREB3L4,15.58719,6.8950696
S1PR2,15.58719,6.8950696
GUCA1A,15.58719,6.8950696
SAC3D1,15.58719,6.8950696
HPS3,15.58719,6.8950696
NRK,15.58719,6.8950696
TIMM17A,15.58719,6.8950696
ATP1B3,15.58719,6.8950696
SLC10A2,15.58719,6.8950696
BAX,15.58719,6.8950696
GPR87,15.58719,6.8950696
STARD4,15.58719,6.8950696
TAF7L,15.58719,6.8950696
ZMYND19,15.58719,6.8950696
GPR180,15.58719,6.8950696
TTC13,15.58719,6.8950696
RHBDD1,15.58719,6.8950696
KCNK13,15.58719,6.8950696
CDKN1C,15.58719,6.8950696
MYL2,15.58719,6.8950696
CAV3,15.58719,6.8950696
TEX45,15.58719,6.8950696
RAB23,15.58719,6.8950696
MTUS1,15.58719,6.8950696
ZNF695,15.58719,6.8950696
SYAP1,15.58719,6.8950696
ITPA,15.58719,6.8950696
SHISA7,15.58719,6.8950696
ANP32E,15.58719,6.8950696
DYNC2LI1,15.58719,6.8950696
ICAM4,15.58719,6.8950696
SPDEF,15.58719,6.8950696
THEG,15.58719,6.8950696
DAPP1,15.58719,6.8950696
CRYGC,15.58719,6.8950696
ASPDH,15.58719,6.8950696
PRB4,15.58719,6.8950696
SERPINA12,15.58719,6.8950696
RAB3B,15.58719,6.8950696
ZNF737,15.58719,6.8950696
TNFSF10,15.58719,6.8950696
MAD2L2,15.58719,6.8950696
ZNF468,15.58719,6.8950696
PSMD14,15.58719,6.8950696
RNASEH1,15.58719,6.8950696
JMJD8,15.58719,6.8950696
GZMA,15.58719,6.8950696
DUSP2,15.58719,6.8950696
AKR1C4,15.58719,6.8950696
DGKD,15.58719,6.8950696
CFDP1,15.58719,6.8950696
CASP12,15.58719,6.8950696
RAB19,15.58719,6.8950696
AEN,15.58719,6.8950696
AQP9,15.58719,6.8950696
SLC39A9,15.58719,6.8950696
PBLD,15.58719,6.8950696
MRPS23,15.58719,6.8950696
FYCO1,15.58719,6.8950696
TRMT10C,15.58719,6.8950696
TSSK4,15.58719,6.8950696
PDIA2,15.58719,6.8950696
OPN1SW,15.58719,6.8950696
CCER1,15.58719,6.8950696
LARP6,15.58719,6.8950696
SPIB,15.58719,6.8950696
MSC,15.58719,6.8950696
ANTXR1,15.58719,6.8950696
UPK3B,15.58719,6.8950696
B3GALT5,15.58719,6.8950696
MRPL39,15.58719,6.8950696
TTC36,15.58719,6.8950696
UBAP1,15.58719,6.8950696
NEUROG2,15.58719,6.8950696
OLIG1,15.58719,6.8950696
SPI1,15.58719,6.8950696
CRYGB,15.58719,6.8950696
HSH2D,15.58719,6.8950696
BCAS2,15.58719,6.8950696
SFN,15.58719,6.8950696
STAP2,15.58719,6.8950696
VCPKMT,15.58719,6.8950696
GEMIN2,15.58719,6.8950696
MED7,15.58719,6.8950696
FAM102B,15.58719,6.8950696
SEC22C,15.58719,6.8950696
MED4,15.58719,6.8950696
FBXO27,15.58719,6.8950696
MYOG,15.58719,6.8950696
CAPSL,15.58719,6.8950696
PQLC3,15.58719,6.8950696
ANXA2,15.58719,6.8950696
SPATA6L,15.58719,6.8950696
CA6,15.58719,6.8950696
VPS37B,15.58719,6.8950696
CCNDBP1,15.58719,6.8950696
GJC3,15.58719,6.8950696
TAF7,15.58719,6.8950696
C1QA,15.58719,6.8950696
CD1D,15.58719,6.8950696
TUBB8,15.58719,6.8950696
DENND5A,15.58719,6.8950696
GYG2,15.58719,6.8950696
BRS3,15.58719,6.8950696
HDGF,15.58719,6.8950696
OSTM1,15.58719,6.8950696
FAM47C,15.58719,6.8950696
CSRP3,15.58719,6.8950696
CHI3L1,15.58719,6.8950696
DUPD1,15.58719,6.8950696
ICAM1,15.58719,6.8950696
SNAP47,15.58719,6.8950696
METTL9,15.58719,6.8950696
FEZ2,15.58719,6.8950696
ARF6,15.58719,6.8950696
DKK3,15.58719,6.8950696
EFNA5,15.58719,6.8950696
SRD5A3,15.58719,6.8950696
WBP2NL,15.58719,6.8950696
ESX1,15.58719,6.8950696
TMED9,15.58719,6.8950696
ADORA1,15.58719,6.8950696
KPNA6,15.58719,6.8950696
HELT,15.58719,6.8950696
LRFN3,15.58719,6.8950696
NUP35,15.58719,6.8950696
NHLH1,15.58719,6.8950696
INKA2,15.58719,6.8950696
LRRC58,15.58719,6.8950696
GPA33,15.58719,6.8950696
GTF2A1,15.58719,6.8950696
PEX11A,15.58719,6.8950696
C7orf26,15.58719,6.8950696
ECI2,15.58719,6.8950696
KHDRBS1,15.58719,6.8950696
FGFR1OP,15.58719,6.8950696
PRUNE1,15.58719,6.8950696
TCF23,15.58719,6.8950696
GPR68,15.58719,6.8950696
GTPBP10,15.58719,6.8950696
UBXN1,15.58719,6.8950696
CYB561A3,15.58719,6.8950696
SPARC,15.58719,6.8950696
COL9A2,15.58719,6.8950696
S1PR5,15.58719,6.8950696
HPCAL1,15.58719,6.8950696
ZNF621,15.58719,6.8950696
EML3,15.58719,6.8950696
TMEM53,15.58719,6.8950696
ZNF703,15.58719,6.8950696
TVP23A,15.58719,6.8950696
EGLN3,15.58719,6.8950696
NFATC4,15.58719,6.8950696
C19orf54,15.58719,6.8950696
TTC9C,15.58719,6.8950696
KCNK1,15.58719,6.8950696
GSDMB,15.58719,6.8950696
OLIG2,15.58719,6.8950696
UBAC1,15.58719,6.8950696
MMP10,15.58719,6.8950696
FBXO8,15.58719,6.8950696
SLC36A2,15.58719,6.8950696
ABCF3,15.58719,6.8950696
SRSF10,15.58719,6.8950696
ZNF37A,15.58719,6.8950696
CDX1,15.58719,6.8950696
TSPAN3,15.58719,6.8950696
EHD1,15.58719,6.8950696
CHAC1,15.58719,6.8950696
RAB43,15.58719,6.8950696
PIM3,15.58719,6.8950696
BBS2,15.58719,6.8950696
FERMT1,15.58719,6.8950696
TPRN,15.58719,6.8950696
PLCXD2,15.58719,6.8950696
NXPE2,15.58719,6.8950696
TMEM136,15.58719,6.8950696
YAE1,15.58719,6.8950696
SEC14L6,15.58719,6.8950696
CIDEB,15.58719,6.8950696
TRPM5,15.58719,6.8950696
ZNF728,15.58719,6.8950696
AMMECR1,15.58719,6.8950696
SEC22A,15.58719,6.8950696
DUOXA2,15.58719,6.8950696
YTHDF3,15.58719,6.8950696
SALL1,15.58719,6.8950696
POPDC3,15.58719,6.8950696
ALKBH5,15.58719,6.8950696
U2AF1L4,15.58719,6.8950696
SSBP1,15.58719,6.8950696
POTEE,15.58719,6.8950696
NRAS,15.58719,6.8950696
MB21D2,15.58719,6.8950696
BAMBI,15.58719,6.8950696
CCDC8,15.58719,6.8950696
DPH6,15.58719,6.8950696
FTSJ1,15.58719,6.8950696
ZNF747,15.58719,6.8950696
TRMT10B,15.58719,6.8950696
SMAD7,15.58719,6.8950696
IMPAD1,15.58719,6.8950696
ACTRT1,15.58719,6.8950696
RBFA,15.58719,6.8950696
ZNF678,15.58719,6.8950696
ZFAND3,15.58719,6.8950696
KCNF1,15.58719,6.8950696
ART1,15.58719,6.8950696
CDH8,15.58719,6.8950696
C2orf69,15.58719,6.8950696
RPL13,15.58719,6.8950696
MGST3,15.58719,6.8950696
PCMT1,15.58719,6.8950696
SURF6,15.58719,6.8950696
BORA,15.58719,6.8950696
SDF4,15.58719,6.8950696
UBL7,15.58719,6.8950696
CHORDC1,15.58719,6.8950696
LY6G6F,15.58719,6.8950696
PROKR2,15.58719,6.8950696
LRRC14B,15.58719,6.8950696
GPR150,15.58719,6.8950696
RNF215,15.58719,6.8950696
TSPAN1,15.58719,6.8950696
CYP2C9,15.58719,6.8950696
PNO1,15.58719,6.8950696
FCN3,15.58719,6.8950696
CNTD1,15.58719,6.8950696
CLIC3,15.58719,6.8950696
SFRP2,15.58719,6.8950696
THAP1,15.58719,6.8950696
HMOX1,15.58719,6.8950696
GPR34,15.58719,6.8950696
LRIT2,15.58719,6.8950696
CCDC159,15.58719,6.8950696
PLIN3,15.58719,6.8950696
CD1C,15.58719,6.8950696
TMEM38A,15.58719,6.8950696
OGN,15.58719,6.8950696
ZSCAN5A,15.58719,6.8950696
GPR137C,15.58719,6.8950696
GGPS1,15.58719,6.8950696
F11R,15.58719,6.8950696
ZNF17,15.58719,6.8950696
PRR5,15.58719,6.8950696
AK4,15.58719,6.8950696
FAM221B,15.58719,6.8950696
PTGER1,15.58719,6.8950696
ASB13,15.58719,6.8950696
CEACAM1,15.58719,6.8950696
CD72,15.58719,6.8950696
TAF8,15.58719,6.8950696
HDAC1,15.58719,6.8950696
MND1,15.58719,6.8950696
EGR4,15.58719,6.8950696
KLF12,15.58719,6.8950696
EPDR1,15.58719,6.8950696
CHMP1B,15.58719,6.8950696
ZNF572,15.58719,6.8950696
UBLCP1,15.58719,6.8950696
APP,15.58719,6.8950696
EPSTI1,15.58719,6.8950696
CD99L2,15.58719,6.8950696
CCR1,15.58719,6.8950696
HEXIM2,15.58719,6.8950696
ATAD2B,15.58719,6.8950696
CARD8,15.58719,6.8950696
PAQR7,15.58719,6.8950696
TDRD10,15.58719,6.8950696
ECHDC1,15.58719,6.8950696
KCNIP3,15.58719,6.8950696
CA5B,15.58719,6.8950696
PGRMC2,15.58719,6.8950696
MRPL24,15.58719,6.8950696
RHOJ,15.58719,6.8950696
NUP37,15.58719,6.8950696
MSMO1,15.58719,6.8950696
POLR1D,15.58719,6.8950696
CIDEC,15.58719,6.8950696
TWIST1,15.58719,6.8950696
CPSF4,15.58719,6.8950696
CD4,15.58719,6.8950696
DUSP23,15.58719,6.8950696
B3GNT5,15.58719,6.8950696
XRCC2,15.58719,6.8950696
PGPEP1,15.58719,6.8950696
SIGLEC6,15.58719,6.8950696
CUTA,15.58719,6.8950696
POLB,15.58719,6.8950696
CXorf36,15.58719,6.8950696
FRA10AC1,15.58719,6.8950696
SLC37A4,15.58719,6.8950696
HRG,15.58719,6.8950696
CHMP4B,15.58719,6.8950696
HNRNPH2,15.58719,6.8950696
TVP23C,15.58719,6.8950696
CGREF1,15.58719,6.8950696
ZNF460,15.58719,6.8950696
CFAP300,15.58719,6.8950696
WDR73,15.58719,6.8950696
MAJIN,15.58719,6.8950696
ACSM6,15.58719,6.8950696
SRSF3,15.58719,6.8950696
ZNF844,15.58719,6.8950696
RSRP1,15.58719,6.8950696
TPMT,15.58719,6.8950696
RPS24,15.58719,6.8950696
CRKL,15.58719,6.8950696
SV2C,15.58719,6.8950696
ADPRHL2,15.58719,6.8950696
STEAP1,15.58719,6.8950696
CYB5D1,15.58719,6.8950696
MARC1,15.58719,6.8950696
MTERF4,15.58719,6.8950696
GCNA,15.58719,6.8950696
PECR,15.58719,6.8950696
ZNF773,15.58719,6.8950696
DDIT4,15.58719,6.8950696
CTSO,15.58719,6.8950696
MRPL32,15.58719,6.8950696
ARL4D,15.58719,6.8950696
ZNF586,15.58719,6.8950696
RAB9A,15.58719,6.8950696
RRAS2,15.58719,6.8950696
HSD17B7,15.58719,6.8950696
CLDN6,15.58719,6.8950696
MNAT1,15.58719,6.8950696
ZNF232,15.58719,6.8950696
KANSL1,15.58719,6.8950696
RFNG,15.58719,6.8950696
SDR16C5,15.58719,6.8950696
CD34,15.58719,6.8950696
HEMGN,15.58719,6.8950696
DOHH,15.58719,6.8950696
ASPHD1,15.58719,6.8950696
FGF9,15.58719,6.8950696
CTB-133G6.1,15.58719,6.8950696
RSPH9,15.58719,6.8950696
HRH4,15.58719,6.8950696
LAD1,15.58719,6.8950696
CH25H,15.58719,6.8950696
MTNR1B,15.58719,6.8950696
NKX3-1,15.58719,6.8950696
TMEM229A,15.58719,6.8950696
SPHK1,15.58719,6.8950696
AGAP6,15.58719,6.8950696
IFNGR1,15.58719,6.8950696
KLHL12,15.58719,6.8950696
LACC1,15.58719,6.8950696
PRELID1,15.58719,6.8950696
CHMP6,15.58719,6.8950696
VPS26C,15.58719,6.8950696
CAVIN2,15.58719,6.8950696
SPDYE1,15.58719,6.8950696
SERF2,15.58719,6.8950696
CNMD,15.58719,6.8950696
C11orf54,15.58719,6.8950696
PROP1,15.58719,6.8950696
SHARPIN,15.58719,6.8950696
RHOH,15.58719,6.8950696
SERPINA5,15.58719,6.8950696
ARF5,15.58719,6.8950696
ZNF623,15.58719,6.8950696
C10orf120,15.58719,6.8950696
PRKAG2,15.58719,6.8950696
RPS17,15.58719,6.8950696
CCDC91,15.58719,6.8950696
LRRC34,15.58719,6.8950696
RPS13,15.58719,6.8950696
AAGAB,15.58719,6.8950696
TAGLN,15.58719,6.8950696
TMEM236,15.58719,6.8950696
ZNF414,15.58719,6.8950696
DMRTA2,15.58719,6.8950696
RNF167,15.58719,6.8950696
CLRN2,15.58719,6.8950696
KCNK3,15.58719,6.8950696
DEPTOR,15.58719,6.8950696
HHLA1,15.58719,6.8950696
VDAC1,15.58719,6.8950696
FBXO45,15.58719,6.8950696
FSTL1,15.58719,6.8950696
GPR17,15.58719,6.8950696
CD180,15.58719,6.8950696
EVPLL,15.58719,6.8950696
LRP11,15.58719,6.8950696
MMP7,15.58719,6.8950696
MUL1,15.58719,6.8950696
ANXA5,15.58719,6.8950696
RAB3C,15.58719,6.8950696
C2CD4B,15.58719,6.8950696
EME2,15.58719,6.8950696
RCN1,15.58719,6.8950696
DFFB,15.58719,6.8950696
CXorf38,15.58719,6.8950696
PNPLA4,15.58719,6.8950696
GTF2A1L,15.58719,6.8950696
JAML,15.58719,6.8950696
SNRPB,15.58719,6.8950696
CLDN17,15.58719,6.8950696
ITGB1BP2,15.58719,6.8950696
CA1,15.58719,6.8950696
KHDRBS2,15.58719,6.8950696
TP53TG5,15.58719,6.8950696
BPIFC,15.58719,6.8950696
CHPT1,15.58719,6.8950696
SLC35G2,15.58719,6.8950696
ERCC1,15.58719,6.8950696
NDUFB8,15.58719,6.8950696
CFAP73,15.58719,6.8950696
ZNF296,15.58719,6.8950696
MITD1,15.58719,6.8950696
DERL2,15.58719,6.8950696
RRAGB,15.58719,6.8950696
TERF2IP,15.58719,6.8950696
CAV1,15.58719,6.8950696
PSPH,15.58719,6.8950696
DLG1,15.58719,6.8950696
FOLR3,15.58719,6.8950696
APOH,15.58719,6.8950696
SIRPA,15.58719,6.8950696
HGF,15.58719,6.8950696
RCN2,15.58719,6.8950696
UBE2D3,15.58719,6.8950696
SPATA31A3,15.58719,6.8950696
MRPL22,15.58719,6.8950696
QPCTL,15.58719,6.8950696
TAGLN2,15.58719,6.8950696
ARHGDIA,15.58719,6.8950696
GLUD1,15.58719,6.8950696
S100PBP,15.58719,6.8950696
AKR1E2,15.58719,6.8950696
LILRA4,15.58719,6.8950696
ZNF681,15.58719,6.8950696
AMER2,15.58719,6.8950696
C19orf44,15.58719,6.8950696
GPR4,15.58719,6.8950696
SLC9B1,15.58719,6.8950696
TMEM70,15.58719,6.8950696
SERPINB7,15.58719,6.8950696
UNC119B,15.58719,6.8950696
POMK,15.58719,6.8950696
KDELR1,15.58719,6.8950696
NCBP2,15.58719,6.8950696
C6orf118,15.58719,6.8950696
CLTA,15.58719,6.8950696
CYTIP,15.58719,6.8950696
IZUMO1R,15.58719,6.8950696
VTA1,15.58719,6.8950696
DMRTC2,15.58719,6.8950696
ZNF683,15.58719,6.8950696
NPY1R,15.58719,6.8950696
PDPK1,15.58719,6.8950696
KNSTRN,15.58719,6.8950696
AMZ2,15.58719,6.8950696
GOSR2,15.58719,6.8950696
STX1B,15.58719,6.8950696
MAPRE3,15.58719,6.8950696
ZNF830,15.58719,6.8950696
TESMIN,15.58719,6.8950696
SAAL1,15.58719,6.8950696
RAD9B,15.58719,6.8950696
C12orf66,15.58719,6.8950696
NOP16,15.58719,6.8950696
AMIGO3,15.58719,6.8950696
LRTM1,15.58719,6.8950696
REXO2,15.58719,6.8950696
ANXA10,15.58719,6.8950696
RLN3,15.58719,6.8950696
NSA2,15.58719,6.8950696
F2RL1,15.58719,6.8950696
YBX3,15.58719,6.8950696
FBXL16,15.58719,6.8950696
RPS6,15.58719,6.8950696
PRPF18,15.58719,6.8950696
TIPRL,15.58719,6.8950696
MTRF1L,15.58719,6.8950696
TIMM17B,15.58719,6.8950696
TMC5,15.58719,6.8950696
PILRA,15.58719,6.8950696
GRK2,15.58719,6.8950696
C5AR1,15.58719,6.8950696
PLIN5,15.58719,6.8950696
BEND5,15.58719,6.8950696
C19orf67,15.58719,6.8950696
ERBIN,15.58719,6.8950696
FAM69A,15.58719,6.8950696
CCDC97,15.58719,6.8950696
TIMM23,15.58719,6.8950696
ADORA2B,15.58719,6.8950696
OCSTAMP,15.58719,6.8950696
SPDYE4,15.58719,6.8950696
CHDC2,15.58719,6.8950696
SULT1C4,15.58719,6.8950696
IGBP1,15.58719,6.8950696
ZNF676,15.58719,6.8950696
ZNF304,15.58719,6.8950696
MED15,15.58719,6.8950696
KLF17,15.58719,6.8950696
LIPF,15.58719,6.8950696
CTBS,15.58719,6.8950696
SETD9,15.58719,6.8950696
ZNF649,15.58719,6.8950696
RASL12,15.58719,6.8950696
CCDC85C,15.58719,6.8950696
IDO2,15.58719,6.8950696
TEFM,15.58719,6.8950696
AP1AR,15.58719,6.8950696
GUCD1,15.58719,6.8950696
ZNF577,15.58719,6.8950696
ZP3,15.58719,6.8950696
ZXDB,15.58719,6.8950696
TBC1D7,15.58719,6.8950696
TNFRSF18,15.58719,6.8950696
OCIAD1,15.58719,6.8950696
MKLN1,15.58719,6.8950696
VPS4A,15.58719,6.8950696
WDTC1,15.58719,6.8950696
P2RY1,15.58719,6.8950696
TIMP1,15.58719,6.8950696
AIFM2,15.58719,6.8950696
KLHDC8B,15.58719,6.8950696
ZNF155,15.58719,6.8950696
AZIN1,15.58719,6.8950696
TSPYL5,15.58719,6.8950696
TRNAU1AP,15.58719,6.8950696
EHHADH,15.58719,6.8950696
PSG8,15.58719,6.8950696
RHOU,15.58719,6.8950696
RNF185,15.58719,6.8950696
EVA1C,15.58719,6.8950696
PSG4,15.58719,6.8950696
TEKT4,15.58719,6.8950696
NOX4,15.58719,6.8950696
NUP50,15.58719,6.8950696
RPL24,15.58719,6.8950696
PIGO,15.58719,6.8950696
RND3,15.58719,6.8950696
RPS11,15.58719,6.8950696
C12orf56,15.58719,6.8950696
PRR11,15.58719,6.8950696
COL4A3BP,15.58719,6.8950696
IFNGR2,15.58719,6.8950696
CYHR1,15.58719,6.8950696
CCDC69,15.58719,6.8950696
ZXDA,15.58719,6.8950696
CHODL,15.58719,6.8950696
ETV3L,15.58719,6.8950696
KSR2,15.58719,6.8950696
TMEM206,15.58719,6.8950696
IGFLR1,15.58719,6.8950696
FAM69C,15.58719,6.8950696
MGLL,15.58719,6.8950696
PDLIM1,15.58719,6.8950696
CREB3,15.58719,6.8950696
RPF1,15.58719,6.8950696
ASB8,15.58719,6.8950696
ELF5,15.58719,6.8950696
NPY2R,15.58719,6.8950696
ZNF556,15.58719,6.8950696
KLHL42,15.58719,6.8950696
PSMA4,15.58719,6.8950696
PPM1K,15.58719,6.8950696
TNFSF14,15.58719,6.8950696
PRCC,15.58719,6.8950696
TMEM199,15.58719,6.8950696
C1orf100,15.58719,6.8950696
CLTB,15.58719,6.8950696
CFD,15.58719,6.8950696
ANXA3,15.58719,6.8950696
GDF15,15.58719,6.8950696
HTR1E,15.58719,6.8950696
SLC35C1,15.58719,6.8950696
TACR2,15.58719,6.8950696
RNASEH2B,15.58719,6.8950696
C15orf41,15.58719,6.8950696
ELOVL6,15.58719,6.8950696
SLC38A8,15.58719,6.8950696
RAB5A,15.58719,6.8950696
GLIPR1L2,15.58719,6.8950696
POU5F2,15.58719,6.8950696
CCSAP,15.58719,6.8950696
ZBP1,15.58719,6.8950696
LSP1,15.58719,6.8950696
IL6R,15.58719,6.8950696
RRH,15.58719,6.8950696
RASL11A,15.58719,6.8950696
SYT13,15.58719,6.8950696
STX8,15.58719,6.8950696
MAT2B,15.58719,6.8950696
ANKRD23,15.58719,6.8950696
SBSPON,15.58719,6.8950696
NCOA6,15.58719,6.8950696
AJAP1,15.58719,6.8950696
ZSCAN1,15.58719,6.8950696
GNB1L,15.58719,6.8950696
ARR3,15.58719,6.8950696
RAB8B,15.58719,6.8950696
HTR1D,15.58719,6.8950696
CTRL,15.58719,6.8950696
TCP11,15.58719,6.8950696
BSPRY,15.58719,6.8950696
C18orf25,15.58719,6.8950696
DEGS1,15.58719,6.8950696
YIPF1,15.58719,6.8950696
DGCR6L,15.58719,6.8950696
SDR9C7,15.58719,6.8950696
GCNT1,15.58719,6.8950696
APOL2,15.58719,6.8950696
KCNK17,15.58719,6.8950696
CD96,15.58719,6.8950696
BST1,15.58719,6.8950696
PRDM12,15.58719,6.8950696
KLF7,15.58719,6.8950696
RAB7A,15.58719,6.8950696
IFIT3,15.58719,6.8950696
SAMD12,15.58719,6.8950696
ODR4,15.58719,6.8950696
SLC6A12,15.58719,6.8950696
ZNF749,15.58719,6.8950696
SUGT1,15.58719,6.8950696
PAK4,15.58719,6.8950696
DSN1,15.58719,6.8950696
RDH14,15.58719,6.8950696
PALM2,15.58719,6.8950696
TRPT1,15.58719,6.8950696
FCRL2,15.58719,6.8950696
SCG3,15.58719,6.8950696
HS3ST5,15.58719,6.8950696
DND1,15.58719,6.8950696
PEX5L,15.58719,6.8950696
RBM41,15.58719,6.8950696
CCDC74B,15.58719,6.8950696
MED22,15.58719,6.8950696
IL18R1,15.58719,6.8950696
FAM50B,15.58719,6.8950696
ELAC1,15.58719,6.8950696
INSM2,15.58719,6.8950696
SPPL2C,15.58719,6.8950696
SYNGR2,15.58719,6.8950696
CRYGD,15.58719,6.8950696
GPX7,15.58719,6.8950696
HES1,15.58719,6.8950696
SLC16A11,15.58719,6.8950696
TNFRSF10B,15.58719,6.8950696
TGM7,15.58719,6.8950696
GPR52,15.58719,6.8950696
ACHE,15.58719,6.8950696
SKAP2,15.58719,6.8950696
SIGLEC7,15.58719,6.8950696
FAM170A,15.58719,6.8950696
CCR2,15.58719,6.8950696
CLDN23,15.58719,6.8950696
GPR39,15.58719,6.8950696
INHBC,15.58719,6.8950696
DCAF4L1,15.58719,6.8950696
HNRNPC,15.58719,6.8950696
GFOD2,15.58719,6.8950696
ZFPM2,15.58719,6.8950696
ANXA1,15.58719,6.8950696
MRPL46,15.58719,6.8950696
ZIC5,15.58719,6.8950696
RAB38,15.58719,6.8950696
FAM76B,15.58719,6.8950696
NPTX1,15.58719,6.8950696
WDR77,15.58719,6.8950696
C21orf58,15.58719,6.8950696
SH2D5,15.58719,6.8950696
AGTR1,15.58719,6.8950696
TUT7,15.58719,6.8950696
MPV17L,15.58719,6.8950696
ALDH5A1,15.58719,6.8950696
RILP,15.58719,6.8950696
CNTFR,15.58719,6.8950696
ST6GALNAC3,15.58719,6.8950696
PCNA,15.58719,6.8950696
SFTPD,15.58719,6.8950696
TMEM234,15.58719,6.8950696
RAB22A,15.58719,6.8950696
LZTFL1,15.58719,6.8950696
MTFP1,15.58719,6.8950696
SLC7A10,15.58719,6.8950696
SIRT3,15.58719,6.8950696
CLDND1,15.58719,6.8950696
BPGM,15.58719,6.8950696
PSMC3,15.58719,6.8950696
CASP5,15.58719,6.8950696
DCSTAMP,15.58719,6.8950696
NTAN1,15.58719,6.8950696
MSRA,15.58719,6.8950696
SERPINB1,15.58719,6.8950696
CRYBG1,15.58719,6.8950696
ZBTB26,15.58719,6.8950696
PSG5,15.58719,6.8950696
COPG1,15.58719,6.8950696
GPR45,15.58719,6.8950696
VDAC2,15.58719,6.8950696
KLK13,15.58719,6.8950696
KCNK15,15.58719,6.8950696
IFNAR1,15.58719,6.8950696
MTFR1,15.58719,6.8950696
GATD1,15.58719,6.8950696
ADPRH,15.58719,6.8950696
GNPDA1,15.58719,6.8950696
DNASE2,15.58719,6.8950696
BCL2L12,15.58719,6.8950696
CRYGN,15.58719,6.8950696
GID4,15.58719,6.8950696
ACTL10,15.58719,6.8950696
MTX1,15.58719,6.8950696
MLNR,15.58719,6.8950696
RSL1D1,15.58719,6.8950696
PARD6G,15.58719,6.8950696
BRCC3,15.58719,6.8950696
NCF4,15.58719,6.8950696
CLDN9,15.58719,6.8950696
DTWD2,15.58719,6.8950696
ISOC1,15.58719,6.8950696
CRIP3,15.58719,6.8950696
GH2,15.58719,6.8950696
ZNF174,15.58719,6.8950696
SLC35D3,15.58719,6.8950696
ARTN,15.58719,6.8950696
WDR55,15.58719,6.8950696
EXOSC1,15.58719,6.8950696
HPGD,15.58719,6.8950696
HOXD8,15.58719,6.8950696
PSMB9,15.58719,6.8950696
GPANK1,15.58719,6.8950696
FAM118B,15.58719,6.8950696
TSPAN12,15.58719,6.8950696
SAP30BP,15.58719,6.8950696
POTEF,15.58719,6.8950696
NCR1,15.58719,6.8950696
TBX18,15.58719,6.8950696
SEC24B,15.58719,6.8950696
POLR2E,15.58719,6.8950696
TXNL1,15.58719,6.8950696
TSNAX,15.58719,6.8950696
RANGRF,15.58719,6.8950696
CDH22,15.58719,6.8950696
LENG1,15.58719,6.8950696
PROC,15.58719,6.8950696
PSPN,15.58719,6.8950696
APLF,15.58719,6.8950696
ABCG2,15.58719,6.8950696
PUM2,15.58719,6.8950696
ZNF382,15.58719,6.8950696
PRSS37,15.58719,6.8950696
FBXO4,15.58719,6.8950696
AKR1C1,15.58719,6.8950696
TPP1,15.58719,6.8950696
MAP9,15.58719,6.8950696
DNALI1,15.58719,6.8950696
CTSL,15.58719,6.8950696
ZPBP2,15.58719,6.8950696
PALMD,15.58719,6.8950696
CD1B,15.58719,6.8950696
CTBP1,15.58719,6.8950696
CFAP43,15.58719,6.8950696
ISG20L2,15.58719,6.8950696
RIMS3,15.58719,6.8950696
ZNF878,15.58719,6.8950696
CCR9,15.58719,6.8950696
ZNF430,15.58719,6.8950696
MORN3,15.58719,6.8950696
ZNF25,15.58719,6.8950696
TMEM192,15.58719,6.8950696
EGR1,15.58719,6.8950696
GIN1,15.58719,6.8950696
CNBD1,15.58719,6.8950696
KLK5,15.58719,6.8950696
CBX7,15.58719,6.8950696
CCT5,15.58719,6.8950696
GPR63,15.58719,6.8950696
WDR31,15.58719,6.8950696
GPR135,15.58719,6.8950696
ZNF692,15.58719,6.8950696
PPEF1,15.58719,6.8950696
TSPYL1,15.58719,6.8950696
KIR3DL1,15.58719,6.8950696
PSMD4,15.58719,6.8950696
UBQLNL,15.58719,6.8950696
BHMT2,15.58719,6.8950696
ADRB2,15.58719,6.8950696
AQP7,15.58719,6.8950696
ZNF514,15.58719,6.8950696
FGF5,15.58719,6.8950696
YIPF3,15.58719,6.8950696
RNF181,15.58719,6.8950696
LDHAL6A,15.58719,6.8950696
RANBP9,15.58719,6.8950696
ZNF587B,15.58719,6.8950696
ZNF550,15.58719,6.8950696
VSNL1,15.58719,6.8950696
SRSF12,15.58719,6.8950696
MRPL15,15.58719,6.8950696
MOGAT2,15.58719,6.8950696
RASSF4,15.58719,6.8950696
ACP7,15.58719,6.8950696
ZBTB32,15.58719,6.8950696
NTF4,15.58719,6.8950696
CCDC189,15.58719,6.8950696
SLC35B1,15.58719,6.8950696
TPRG1L,15.58719,6.8950696
BRMS1,15.58719,6.8950696
ZC2HC1A,15.58719,6.8950696
TRMO,15.58719,6.8950696
KCNK5,15.58719,6.8950696
MPZ,15.58719,6.8950696
TMX2,15.58719,6.8950696
R3HCC1,15.58719,6.8950696
SLC35D1,15.58719,6.8950696
LRRC15,15.58719,6.8950696
VSIG8,15.58719,6.8950696
CLU,15.58719,6.8950696
PLPP6,15.58719,6.8950696
ZNF154,15.58719,6.8950696
NOVA2,15.58719,6.8950696
TSR3,15.58719,6.8950696
HOXD11,15.58719,6.8950696
C6orf136,15.58719,6.8950696
EFNA2,15.58719,6.8950696
PTRH1,15.58719,6.8950696
THUMPD1,15.58719,6.8950696
CENPO,15.58719,6.8950696
RBM34,15.58719,6.8950696
CACUL1,15.58719,6.8950696
PSMA2,15.58719,6.8950696
ASB1,15.58719,6.8950696
ERMAP,15.58719,6.8950696
LIF,15.58719,6.8950696
ALG14,15.58719,6.8950696
SLC35E3,15.58719,6.8950696
NUSAP1,15.58719,6.8950696
SNRNP27,15.58719,6.8950696
DPH5,15.58719,6.8950696
RNH1,15.58719,6.8950696
ZNF701,15.58719,6.8950696
FAM83A,15.58719,6.8950696
RERGL,15.58719,6.8950696
TMEM25,15.58719,6.8950696
COPG2,15.58719,6.8950696
KAZALD1,15.58719,6.8950696
MRPS31,15.58719,6.8950696
PPTC7,15.58719,6.8950696
HEMK1,15.58719,6.8950696
DIRAS2,15.58719,6.8950696
SAMD7,15.58719,6.8950696
TOR3A,15.58719,6.8950696
E2F5,15.58719,6.8950696
MRPL3,15.58719,6.8950696
YWHAB,15.58719,6.8950696
C3AR1,15.58719,6.8950696
CTDP1,15.58719,6.8950696
GPR18,15.58719,6.8950696
TIMP4,15.58719,6.8950696
TRIM52,15.58719,6.8950696
EFS,15.58719,6.8950696
STC2,15.58719,6.8950696
TUBG1,15.58719,6.8950696
MAPRE1,15.58719,6.8950696
ZFP3,15.58719,6.8950696
SOD3,15.58719,6.8950696
C3orf30,15.58719,6.8950696
MAFK,15.58719,6.8950696
GPR174,15.58719,6.8950696
DHRS4L2,15.58719,6.8950696
C1QTNF7,15.58719,6.8950696
YWHAE,15.58719,6.8950696
ZNF3,15.58719,6.8950696
NFE2,15.58719,6.8950696
EPYC,15.58719,6.8950696
DIO2,15.58719,6.8950696
SLBP,15.58719,6.8950696
UHMK1,15.58719,6.8950696
GPR151,15.58719,6.8950696
SCCPDH,15.58719,6.8950696
KHDRBS3,15.58719,6.8950696
THTPA,15.58719,6.8950696
PLPP5,15.58719,6.8950696
C14orf93,15.58719,6.8950696
CBLN1,15.58719,6.8950696
FN3KRP,15.58719,6.8950696
PODXL2,15.58719,6.8950696
TOMM40,15.58719,6.8950696
TIGD5,15.58719,6.8950696
SLC35A1,15.58719,6.8950696
C2CD4C,15.58719,6.8950696
SSTR1,15.58719,6.8950696
AKAP7,15.58719,6.8950696
UPP2,15.58719,6.8950696
ATP6V1E2,15.58719,6.8950696
POLR2M,15.58719,6.8950696
CCM2,15.58719,6.8950696
SBK2,15.58719,6.8950696
WBP1,15.58719,6.8950696
NUCB2,15.58719,6.8950696
PHETA1,15.58719,6.8950696
EXOSC3,15.58719,6.8950696
ZNF860,15.58719,6.8950696
CCDC183,15.58719,6.8950696
LINS1,15.58719,6.8950696
XRCC4,15.58719,6.8950696
HABP4,15.58719,6.8950696
STYX,15.58719,6.8950696
SPPL2A,15.58719,6.8950696
DIMT1,15.58719,6.8950696
BCDIN3D,15.58719,6.8950696
FAM53B,15.58719,6.8950696
ERGIC2,15.58719,6.8950696
F2R,15.58719,6.8950696
GLOD4,15.58719,6.8950696
PTP4A3,15.58719,6.8950696
AMY2B,15.58719,6.8950696
WDR74,15.58719,6.8950696
JAM2,15.58719,6.8950696
FLRT1,15.58719,6.8950696
PRAME,15.58719,6.8950696
MEAF6,15.58719,6.8950696
MED24,15.58719,6.8950696
CYP2C18,15.58719,6.8950696
HOXA7,15.58719,6.8950696
NSUN3,15.58719,6.8950696
WASHC4,15.58719,6.8950696
C7,15.58719,6.8950696
STX2,15.58719,6.8950696
YWHAH,15.58719,6.8950696
PELO,15.58719,6.8950696
ZNF587,15.58719,6.8950696
RSPO4,15.58719,6.8950696
DHRS4,15.58719,6.8950696
RP11-159G9.5,15.58719,6.8950696
MARCH11,15.58719,6.8950696
ERI3,15.58719,6.8950696
IBSP,15.58719,6.8950696
ZNF100,15.58719,6.8950696
C3orf38,15.58719,6.8950696
FAM71B,15.58719,6.8950696
TRMT9B,15.58719,6.8950696
TSPYL4,15.58719,6.8950696
PRSS55,15.58719,6.8950696
CNN3,15.58719,6.8950696
ZC3H10,15.58719,6.8950696
KISS1R,15.58719,6.8950696
ZC3H15,15.58719,6.8950696
TBC1D20,15.58719,6.8950696
DRAXIN,15.58719,6.8950696
DUSP9,15.58719,6.8950696
RNF26,15.58719,6.8950696
CFAP157,15.58719,6.8950696
OLIG3,15.58719,6.8950696
DIRAS1,15.58719,6.8950696
AVPR2,15.58719,6.8950696
ZNF419,15.58719,6.8950696
ZNF320,15.58719,6.8950696
LHFPL5,15.58719,6.8950696
ATP1B4,15.58719,6.8950696
VPS28,15.58719,6.8950696
CTHRC1,15.58719,6.8950696
CASP9,15.58719,6.8950696
BNIPL,15.58719,6.8950696
GAPDH,15.58719,6.8950696
GRAMD2A,15.58719,6.8950696
DCAF4L2,15.58719,6.8950696
UFC1,15.58719,6.8950696
HRH2,15.58719,6.8950696
ANKRD40,15.58719,6.8950696
B9D2,15.58719,6.8950696
FBXO6,15.58719,6.8950696
PURB,15.58719,6.8950696
STK26,15.58719,6.8950696
MED8,15.58719,6.8950696
ZNF404,15.58719,6.8950696
GPATCH4,15.58719,6.8950696
ZNF285,15.58719,6.8950696
TSPAN7,15.58719,6.8950696
P2RX1,15.58719,6.8950696
MMD2,15.58719,6.8950696
EPHB2,15.58719,6.8950696
OC90,15.58719,6.8950696
ELOVL1,15.58719,6.8950696
BPI,15.58719,6.8950696
FRZB,15.58719,6.8950696
RSPH1,15.58719,6.8950696
NTM,15.58719,6.8950696
STX5,15.58719,6.8950696
ZNF566,15.58719,6.8950696
CCNY,15.58719,6.8950696
FFAR4,15.58719,6.8950696
ST3GAL1,15.58719,6.8950696
RETREG1,15.58719,6.8950696
RPA2,15.58719,6.8950696
SYT8,15.58719,6.8950696
P2RX4,15.58719,6.8950696
EIF4H,15.58719,6.8950696
TOR1A,15.58719,6.8950696
CENPP,15.58719,6.8950696
ORC5,15.58719,6.8950696
MEIOB,15.58719,6.8950696
CCR10,15.58719,6.8950696
FBXL18,15.58719,6.8950696
OTUD6B,15.58719,6.8950696
SDHC,15.58719,6.8950696
PSKH2,15.58719,6.8950696
VASH1,15.58719,6.8950696
ARL2,15.58719,6.8950696
SPG21,15.58719,6.8950696
GPR75,15.58719,6.8950696
RPS4X,15.58719,6.8950696
ZNF286B,15.58719,6.8950696
FAM69B,15.58719,6.8950696
WDR18,15.58719,6.8950696
HEPACAM2,15.58719,6.8950696
KDELR2,15.58719,6.8950696
RPRD1A,15.58719,6.8950696
EGFL7,15.58719,6.8950696
ALKBH6,15.58719,6.8950696
PSAPL1,15.58719,6.8950696
CLDN15,15.58719,6.8950696
TMEM106C,15.58719,6.8950696
TMBIM1,15.58719,6.8950696
ELMOD1,15.58719,6.8950696
TSPAN13,15.58719,6.8950696
C1QL1,15.58719,6.8950696
AKR1D1,15.58719,6.8950696
SERPINB9,15.58719,6.8950696
TRIM64C,15.58719,6.8950696
LPAR1,15.58719,6.8950696
GALM,15.58719,6.8950696
PLEKHA3,15.58719,6.8950696
SULT2B1,15.58719,6.8950696
XPA,15.58719,6.8950696
SAP30L,15.58719,6.8950696
NUP205,15.58719,6.8950696
ASIC5,15.58719,6.8950696
KCNIP1,15.58719,6.8950696
STXBP5L,15.58719,6.8950696
FANCD2,15.58719,6.8950696
RAC2,15.58719,6.8950696
TMEM19,15.58719,6.8950696
EIF3F,15.58719,6.8950696
IL5RA,15.58719,6.8950696
RGR,15.58719,6.8950696
ZNF417,15.58719,6.8950696
PRRT2,15.58719,6.8950696
SNAPC1,15.58719,6.8950696
C9orf72,15.58719,6.8950696
BVES,15.58719,6.8950696
WIPF1,15.58719,6.8950696
RPS8,15.58719,6.8950696
ILKAP,15.58719,6.8950696
PIP4K2A,15.58719,6.8950696
PVR,15.58719,6.8950696
ZNF69,15.58719,6.8950696
HSDL2,15.58719,6.8950696
CDKL4,15.58719,6.8950696
ZNF669,15.58719,6.8950696
TMPPE,15.58719,6.8950696
SAR1B,15.58719,6.8950696
ZNF429,15.58719,6.8950696
ZNF497,15.58719,6.8950696
ZNF439,15.58719,6.8950696
GH1,15.58719,6.8950696
ALS2CR12,15.58719,6.8950696
NOL12,15.58719,6.8950696
ARMC1,15.58719,6.8950696
ZDHHC15,15.58719,6.8950696
GSDME,15.58719,6.8950696
ZNF134,15.58719,6.8950696
CCNYL1,15.58719,6.8950696
GPR173,15.58719,6.8950696
B3GALNT1,15.58719,6.8950696
FBXO16,15.58719,6.8950696
PGBD4,15.58719,6.8950696
GNRHR,15.58719,6.8950696
TMPRSS12,15.58719,6.8950696
NANS,15.58719,6.8950696
FGFR1,15.58719,6.8950696
RBKS,15.58719,6.8950696
SDHD,15.58719,6.8950696
EMP3,15.58719,6.8950696
HTR5A,15.58719,6.8950696
MTERF1,15.58719,6.8950696
PANX3,15.58719,6.8950696
TTL,15.58719,6.8950696
GPRIN3,15.58719,6.8950696
PTER,15.58719,6.8950696
CCDC36,15.58719,6.8950696
ZNF793,15.58719,6.8950696
STRN4,15.58719,6.8950696
PIGU,15.58719,6.8950696
TCF19,15.58719,6.8950696
GPR12,15.58719,6.8950696
GHITM,15.58719,6.8950696
RBM11,15.58719,6.8950696
HSD17B12,15.58719,6.8950696
KLF1,15.58719,6.8950696
ZNF212,15.58719,6.8950696
FAHD2B,15.58719,6.8950696
LAYN,15.58719,6.8950696
NEUROD4,15.58719,6.8950696
TLK1,15.58719,6.8950696
ANGPTL5,15.58719,6.8950696
SERTAD4,15.58719,6.8950696
PYGO1,15.58719,6.8950696
HEXIM1,15.58719,6.8950696
ZNF239,15.58719,6.8950696
RPL19,15.58719,6.8950696
TREX1,15.58719,6.8950696
F2RL3,15.58719,6.8950696
PPP1R3F,15.58719,6.8950696
ZNF611,15.58719,6.8950696
RNF112,15.58719,6.8950696
ECHS1,15.58719,6.8950696
ZNF579,15.58719,6.8950696
IDI1,15.58719,6.8950696
ZFAND2B,15.58719,6.8950696
TMEM59,15.58719,6.8950696
TTC4,15.58719,6.8950696
TLCD1,15.58719,6.8950696
DTNBP1,15.58719,6.8950696
CHIA,15.58719,6.8950696
CD46,15.58719,6.8950696
HEY2,15.58719,6.8950696
METTL8,15.58719,6.8950696
ARID3C,15.58719,6.8950696
GGN,15.58719,6.8950696
NFKBIB,15.58719,6.8950696
ATP5S,15.58719,6.8950696
TMEM178A,15.58719,6.8950696
INSYN2,15.58719,6.8950696
HPDL,15.58719,6.8950696
ARL4C,15.58719,6.8950696
APOL5,15.58719,6.8950696
CPT2,15.58719,6.8950696
HP1BP3,15.58719,6.8950696
TEKT5,15.58719,6.8950696
CRY2,15.58719,6.8950696
EIF3K,15.58719,6.8950696
C1orf87,15.58719,6.8950696
AICDA,15.58719,6.8950696
PIANP,15.58719,6.8950696
ZFP69B,15.58719,6.8950696
ABI3,15.58719,6.8950696
CA4,15.58719,6.8950696
SNX30,15.58719,6.8950696
RMDN1,15.58719,6.8950696
NKX1-2,15.58719,6.8950696
VSIG1,15.58719,6.8950696
SRI,15.58719,6.8950696
CECR2,15.58719,6.8950696
MYL6B,15.58719,6.8950696
LDHC,15.58719,6.8950696
SERPINB3,15.58719,6.8950696
SELENOP,15.58719,6.8950696
ODF1,15.58719,6.8950696
C14orf28,15.58719,6.8950696
COX18,15.58719,6.8950696
RIT2,15.58719,6.8950696
LIM2,15.58719,6.8950696
BTN3A1,15.58719,6.8950696
FANCB,15.58719,6.8950696
TRIM15,15.58719,6.8950696
PSG1,15.58719,6.8950696
RASD2,15.58719,6.8950696
AKR1A1,15.58719,6.8950696
TOM1L1,15.58719,6.8950696
CRNN,15.58719,6.8950696
BTNL2,15.58719,6.8950696
ZNF529,15.58719,6.8950696
SOHLH1,15.58719,6.8950696
SOCS6,15.58719,6.8950696
TMEM143,15.58719,6.8950696
TFPI,15.58719,6.8950696
PLEK,15.58719,6.8950696
FBXO15,15.58719,6.8950696
RHOQ,15.58719,6.8950696
FAM111A,15.58719,6.8950696
CCNB1IP1,15.58719,6.8950696
PANX1,15.58719,6.8950696
TIMELESS,15.58719,6.8950696
DKK2,15.58719,6.8950696
OSCAR,15.58719,6.8950696
HSD17B2,15.58719,6.8950696
SFXN4,15.58719,6.8950696
CHCHD3,15.58719,6.8950696
GDPD3,15.58719,6.8950696
SLC30A8,15.58719,6.8950696
STARD6,15.58719,6.8950696
SLC10A7,15.58719,6.8950696
FAM192A,15.58719,6.8950696
PTGR2,15.58719,6.8950696
COPS7A,15.58719,6.8950696
FAM81A,15.58719,6.8950696
CABP2,15.58719,6.8950696
STIMATE,15.58719,6.8950696
GLRX3,15.58719,6.8950696
PSEN1,15.58719,6.8950696
GTSE1,15.58719,6.8950696
LDHD,15.58719,6.8950696
TRAPPC2L,15.58719,6.8950696
SRRM1,15.58719,6.8950696
XRCC3,15.58719,6.8950696
ATP13A3,15.58719,6.8950696
C19orf47,15.58719,6.8950696
RASL10A,15.58719,6.8950696
PPP2R3C,15.58719,6.8950696
WDR82,15.58719,6.8950696
FAIM2,15.58719,6.8950696
GPKOW,15.58719,6.8950696
SH3GLB1,15.58719,6.8950696
COLEC11,15.58719,6.8950696
RUNDC3A,15.58719,6.8950696
NUDT12,15.58719,6.8950696
EIF3H,15.58719,6.8950696
ST8SIA1,15.58719,6.8950696
TIMMDC1,15.58719,6.8950696
RAB39B,15.58719,6.8950696
CCDC105,15.58719,6.8950696
LIN37,15.58719,6.8950696
PRAM1,15.58719,6.8950696
ZNF200,15.58719,6.8950696
MED6,15.58719,6.8950696
DUSP12,15.58719,6.8950696
PRKRIP1,15.58719,6.8950696
RASL11B,15.58719,6.8950696
IPMK,15.58719,6.8950696
TRIM54,15.58719,6.8950696
TXNDC15,15.58719,6.8950696
ZNF85,15.58719,6.8950696
ITM2C,15.58719,6.8950696
TEX13A,15.58719,6.8950696
CAT,15.58719,6.8950696
VIL1,15.58719,6.8950696
CSRP2,15.58719,6.8950696
LRRC63,15.58719,6.8950696
SNAPC3,15.58719,6.8950696
TRHR,15.58719,6.8950696
EMC10,15.58719,6.8950696
CD1E,15.58719,6.8950696
TMEM59L,15.58719,6.8950696
ARL10,15.58719,6.8950696
FOXE3,15.58719,6.8950696
RAPGEF4,15.58719,6.8950696
CSRP1,15.58719,6.8950696
CD5L,15.58719,6.8950696
TM2D1,15.58719,6.8950696
DCAF12L2,15.58719,6.8950696
ARMH1,15.58719,6.8950696
PRDX3,15.58719,6.8950696
C9orf24,15.58719,6.8950696
TUBA1A,15.58719,6.8950696
SFRP5,15.58719,6.8950696
NCEH1,15.58719,6.8950696
NOV,15.58719,6.8950696
TFAP2B,15.58719,6.8950696
TTC23L,15.58719,6.8950696
NELL2,15.58719,6.8950696
WBP11,15.58719,6.8950696
ZBTB6,15.58719,6.8950696
AVPR1B,15.58719,6.8950696
CAB39L,15.58719,6.8950696
FRRS1L,15.58719,6.8950696
ALYREF,15.58719,6.8950696
RAB29,15.58719,6.8950696
C20orf96,15.58719,6.8950696
ZNF75D,15.58719,6.8950696
MFF,15.58719,6.8950696
ZNF584,15.58719,6.8950696
SLC38A1,15.58719,6.8950696
RNF150,15.58719,6.8950696
MMP20,15.58719,6.8950696
PLEKHM2,15.58719,6.8950696
FUT9,15.58719,6.8950696
CBLL2,15.58719,6.8950696
IFI44,15.58719,6.8950696
DERL3,15.58719,6.8950696
PDILT,15.58719,6.8950696
TIGD2,15.58719,6.8950696
SERPINA3,15.58719,6.8950696
RCSD1,15.58719,6.8950696
CBR4,15.58719,6.8950696
CACNG5,15.58719,6.8950696
ZNF20,15.58719,6.8950696
MBNL2,15.58719,6.8950696
A4GNT,15.58719,6.8950696
TRIM11,15.58719,6.8950696
CLDN4,15.58719,6.8950696
CSTF3,15.58719,6.8950696
GTF2F2,15.58719,6.8950696
RHOF,15.58719,6.8950696
LTB4R2,15.58719,6.8950696
ZSCAN30,15.58719,6.8950696
TIGD3,15.58719,6.8950696
FOXL1,15.58719,6.8950696
PRSS50,15.58719,6.8950696
H2AFY,15.58719,6.8950696
EPHX3,15.58719,6.8950696
CD9,15.58719,6.8950696
LRP2BP,15.58719,6.8950696
TRIM63,15.58719,6.8950696
ST8SIA3,15.58719,6.8950696
LSM11,15.58719,6.8950696
P2RY2,15.58719,6.8950696
HMOX2,15.58719,6.8950696
ST8SIA2,15.58719,6.8950696
RNF41,15.58719,6.8950696
CLEC17A,15.58719,6.8950696
GPR19,15.58719,6.8950696
LACTB2,15.58719,6.8950696
SLC17A1,15.58719,6.8950696
ACOD1,15.58719,6.8950696
MAFG,15.58719,6.8950696
PIGL,15.58719,6.8950696
TAF1A,15.58719,6.8950696
SERPINA10,15.58719,6.8950696
MTFR2,15.58719,6.8950696
DPYS,15.58719,6.8950696
PSD4,15.58719,6.8950696
ZNF10,15.58719,6.8950696
VPS72,15.58719,6.8950696
RCE1,15.58719,6.8950696
RPL8,15.58719,6.8950696
CBR1,15.58719,6.8950696
ZNF222,15.58719,6.8950696
ZNF594,15.58719,6.8950696
APOBEC3G,15.58719,6.8950696
SNX15,15.58719,6.8950696
SCRN3,15.58719,6.8950696
NPFFR1,15.58719,6.8950696
NPAP1,15.58719,6.8950696
CDCA8,15.58719,6.8950696
FGF4,15.58719,6.8950696
ADAMDEC1,15.58719,6.8950696
ALG10B,15.58719,6.8950696
PTGER2,15.58719,6.8950696
RIMKLA,15.58719,6.8950696
FAM217A,15.58719,6.8950696
CDR2L,15.58719,6.8950696
THG1L,15.58719,6.8950696
PP2D1,15.58719,6.8950696
SLFN12L,15.58719,6.8950696
DRG1,15.58719,6.8950696
MOG,15.58719,6.8950696
WFDC1,15.58719,6.8950696
IGFBP3,15.58719,6.8950696
USE1,15.58719,6.8950696
CALCOCO2,15.58719,6.8950696
RABGAP1,15.58719,6.8950696
LYL1,15.58719,6.8950696
FUT8,15.58719,6.8950696
PLEKHS1,15.58719,6.8950696
FBXW2,15.58719,6.8950696
UGT3A1,15.58719,6.8950696
ZNF165,15.58719,6.8950696
IP6K3,15.58719,6.8950696
RAB13,15.58719,6.8950696
ZNF500,15.58719,6.8950696
TRIM72,15.58719,6.8950696
CHMP2B,15.58719,6.8950696
CRYZ,15.58719,6.8950696
MXD3,15.58719,6.8950696
ZNF835,15.58719,6.8950696
SNX7,15.58719,6.8950696
ZNF440,15.58719,6.8950696
TSEN34,15.58719,6.8950696
ARHGEF5,15.58719,6.8950696
CISH,15.58719,6.8950696
IGFBP4,15.58719,6.8950696
EXOG,15.58719,6.8950696
PRELP,15.58719,6.8950696
TNFRSF10A,15.58719,6.8950696
MTHFD2L,15.58719,6.8950696
OPN3,15.58719,6.8950696
CHST1,15.58719,6.8950696
ZNF70,15.58719,6.8950696
FAXDC2,15.58719,6.8950696
PLCL2,15.58719,6.8950696
C5orf22,15.58719,6.8950696
GSDMD,15.58719,6.8950696
MMP3,15.58719,6.8950696
POF1B,15.58719,6.8950696
IL13RA1,15.58719,6.8950696
TIMP2,15.58719,6.8950696
SERPINA4,15.58719,6.8950696
INSYN2B,15.58719,6.8950696
SIL1,15.58719,6.8950696
TENT5C,15.58719,6.8950696
HTR1F,15.58719,6.8950696
RPE,15.58719,6.8950696
ENTHD1,15.58719,6.8950696
ZNF714,15.58719,6.8950696
PCBP2,15.58719,6.8950696
CEP295NL,15.58719,6.8950696
ST6GALNAC4,15.58719,6.8950696
PTP4A2,15.58719,6.8950696
ETV3,15.58719,6.8950696
CFAP36,15.58719,6.8950696
SLC8A2,15.58719,6.8950696
RHBDL1,15.58719,6.8950696
PARP11,15.58719,6.8950696
TMEFF1,15.58719,6.8950696
TSPAN32,15.58719,6.8950696
PSTK,15.58719,6.8950696
CCND3,15.58719,6.8950696
SERPINA1,15.58719,6.8950696
UPK1B,15.58719,6.8950696
PDIK1L,15.58719,6.8950696
AK3,15.58719,6.8950696
CHMP5,15.58719,6.8950696
MAP3K20,15.58719,6.8950696
ZNF223,15.58719,6.8950696
COPS6,15.58719,6.8950696
MMP1,15.58719,6.8950696
SLC30A7,15.58719,6.8950696
ATXN7L3,15.58719,6.8950696
PTAR1,15.58719,6.8950696
ENDOD1,15.58719,6.8950696
CHST7,15.58719,6.8950696
HAUS8,15.58719,6.8950696
SLC38A5,15.58719,6.8950696
ZSWIM9,15.58719,6.8950696
AASDHPPT,15.58719,6.8950696
DHX29,15.58719,6.8950696
CCNE2,15.58719,6.8950696
BCO1,15.58719,6.8950696
RIMS4,15.58719,6.8950696
SLC39A7,15.58719,6.8950696
FANK1,15.58719,6.8950696
PDCD7,15.58719,6.8950696
RHOBTB1,15.58719,6.8950696
OTUD1,15.58719,6.8950696
GUK1,15.58719,6.8950696
GRPEL2,15.58719,6.8950696
CPM,15.58719,6.8950696
HGH1,15.58719,6.8950696
SLC35F4,15.58719,6.8950696
RPS5,15.58719,6.8950696
GDF3,15.58719,6.8950696
FAM155B,15.58719,6.8950696
CBFB,15.58719,6.8950696
ADGRG5,15.58719,6.8950696
ELMOD2,15.58719,6.8950696
EIF2S1,15.58719,6.8950696
GLMP,15.58719,6.8950696
UROS,15.58719,6.8950696
UNC119,15.58719,6.8950696
CRIPAK,15.58719,6.8950696
P2RX6,15.58719,6.8950696
RPS16,15.58719,6.8950696
CHMP2A,15.58719,6.8950696
EXOSC7,15.58719,6.8950696
PARVG,15.58719,6.8950696
ST6GALNAC5,15.58719,6.8950696
RAP2A,15.58719,6.8950696
THAP11,15.58719,6.8950696
ST8SIA4,15.58719,6.8950696
MDP1,15.58719,6.8950696
SPSB3,15.58719,6.8950696
HCCS,15.58719,6.8950696
GLIS2,15.58719,6.8950696
MVB12A,15.58719,6.8950696
IRX3,15.58719,6.8950696
HOXA13,15.58719,6.8950696
WDCP,15.58719,6.8950696
RFXANK,15.58719,6.8950696
NUF2,15.58719,6.8950696
RHOBTB2,15.58719,6.8950696
ZSCAN5B,15.58719,6.8950696
FOXM1,15.58719,6.8950696
RAD51C,15.58719,6.8950696
GFOD1,15.58719,6.8950696
GOLPH3,15.58719,6.8950696
GORASP1,15.58719,6.8950696
F11,15.58719,6.8950696
UBE3B,15.58719,6.8950696
PODNL1,15.58719,6.8950696
GTPBP1,15.58719,6.8950696
ELAVL4,15.58719,6.8950696
GRXCR1,15.58719,6.8950696
GID8,15.58719,6.8950696
MRNIP,15.58719,6.8950696
FBXO17,15.58719,6.8950696
MACROD2,15.58719,6.8950696
SLC29A3,15.58719,6.8950696
DMAC2,15.58719,6.8950696
CRYBA2,15.58719,6.8950696
TCEA3,15.58719,6.8950696
EMC2,15.58719,6.8950696
GBA,15.58719,6.8950696
CHRM2,15.58719,6.8950696
TFB2M,15.58719,6.8950696
CDC37,15.58719,6.8950696
STARD5,15.58719,6.8950696
CCKAR,15.58719,6.8950696
RCHY1,15.58719,6.8950696
PSMB8,15.58719,6.8950696
KLC2,15.58719,6.8950696
ZNF674,15.58719,6.8950696
ZNF589,15.58719,6.8950696
C1QTNF9,15.58719,6.8950696
DNTTIP1,15.58719,6.8950696
SNAP25,15.58719,6.8950696
UBXN6,15.58719,6.8950696
DDX50,15.58719,6.8950696
FYTTD1,15.58719,6.8950696
GYS1,15.58719,6.8950696
THEMIS2,15.58719,6.8950696
OCLN,15.58719,6.8950696
INTS12,15.58719,6.8950696
FBXO47,15.58719,6.8950696
ARL8B,15.58719,6.8950696
TNC,15.58719,6.8950696
PDCD4,15.58719,6.8950696
ZFYVE1,15.58719,6.8950696
SPATC1,15.58719,6.8950696
PRSS8,15.58719,6.8950696
ALG10,15.58719,6.8950696
ICMT,15.58719,6.8950696
C5orf51,15.58719,6.8950696
RAB30,15.58719,6.8950696
FTH1,15.58719,6.8950696
AQP5,15.58719,6.8950696
ZNF410,15.58719,6.8950696
PCDHB13,15.58719,6.8950696
IMPA2,15.58719,6.8950696
FGF11,15.58719,6.8950696
TNNI2,15.58719,6.8950696
NUDT22,15.58719,6.8950696
APOA4,15.58719,6.8950696
BDKRB1,15.58719,6.8950696
CA13,15.58719,6.8950696
C1orf116,15.58719,6.8950696
PM20D2,15.58719,6.8950696
WDR4,15.58719,6.8950696
WDR54,15.58719,6.8950696
ITPRIP,15.58719,6.8950696
GLIPR1,15.58719,6.8950696
ZNF79,15.58719,6.8950696
PDGFB,15.58719,6.8950696
MAGT1,15.58719,6.8950696
PURA,15.58719,6.8950696
BPHL,15.58719,6.8950696
NOVA1,15.58719,6.8950696
CRYZL1,15.58719,6.8950696
ERCC8,15.58719,6.8950696
IFIT2,15.58719,6.8950696
MRPS15,15.58719,6.8950696
HERPUD1,15.58719,6.8950696
ZNF2,15.58719,6.8950696
ATG3,15.58719,6.8950696
DSCC1,15.58719,6.8950696
GRINA,15.58719,6.8950696
GCNT4,15.58719,6.8950696
C1orf94,15.58719,6.8950696
PSMD5,15.58719,6.8950696
SLC4A11,15.58719,6.8950696
SCRN1,15.58719,6.8950696
SLFN12,15.58719,6.8950696
FGF18,15.58719,6.8950696
ELL3,15.58719,6.8950696
C14orf39,15.58719,6.8950696
PEF1,15.58719,6.8950696
C12orf40,15.58719,6.8950696
CLPP,15.58719,6.8950696
CD209,15.58719,6.8950696
SAXO1,15.58719,6.8950696
C8orf76,15.58719,6.8950696
LAT,15.58719,6.8950696
TNMD,15.58719,6.8950696
KLF5,15.58719,6.8950696
B3GNT2,15.58719,6.8950696
SIRT7,15.58719,6.8950696
SPATA2,15.58719,6.8950696
AP5M1,15.58719,6.8950696
RABL6,15.58719,6.8950696
PDK3,15.58719,6.8950696
UGT2B4,15.58719,6.8950696
TMPRSS11B,15.58719,6.8950696
CHERP,15.58719,6.8950696
NUBPL,15.58719,6.8950696
CLEC4F,15.58719,6.8950696
VTI1B,15.58719,6.8950696
PON1,15.58719,6.8950696
TIGD4,15.58719,6.8950696
RXFP3,15.58719,6.8950696
NKX2-8,15.58719,6.8950696
LPAR5,15.58719,6.8950696
ZNF284,15.58719,6.8950696
DOLPP1,15.58719,6.8950696
UBE2Z,15.58719,6.8950696
PERM1,15.58719,6.8950696
PTHLH,15.58719,6.8950696
SNX21,15.58719,6.8950696
PLTP,15.58719,6.8950696
FAM53A,15.58719,6.8950696
GMEB1,15.58719,6.8950696
SNX8,15.58719,6.8950696
GFI1,15.58719,6.8950696
PITPNB,15.58719,6.8950696
BMP8A,15.58719,6.8950696
MAFF,15.58719,6.8950696
NECAB1,15.58719,6.8950696
ZFYVE26,15.58719,6.8950696
ADRB3,15.58719,6.8950696
NPTX2,15.58719,6.8950696
VASH2,15.58719,6.8950696
FKBP8,15.58719,6.8950696
H2AFX,15.58719,6.8950696
CCNJ,15.58719,6.8950696
TUFT1,15.58719,6.8950696
RBBP8NL,15.58719,6.8950696
C1QTNF3,15.58719,6.8950696
YJU2,15.58719,6.8950696
RAB3D,15.58719,6.8950696
FHL5,15.58719,6.8950696
RPS3,15.58719,6.8950696
PIGM,15.58719,6.8950696
MKRN3,15.58719,6.8950696
CLN8,15.58719,6.8950696
PRSS57,15.58719,6.8950696
EYA2,15.58719,6.8950696
ZNF280C,15.58719,6.8950696
TATDN3,15.58719,6.8950696
CELA1,15.58719,6.8950696
BMI1,15.58719,6.8950696
SPEM2,15.58719,6.8950696
SAMD15,15.58719,6.8950696
GPD1,15.58719,6.8950696
ANKRD29,15.58719,6.8950696
SC5D,15.58719,6.8950696
TONSL,15.58719,6.8950696
MTA1,15.58719,6.8950696
GPRC5A,15.58719,6.8950696
ARL1,15.58719,6.8950696
CCNA2,15.58719,6.8950696
SLC30A4,15.58719,6.8950696
POLDIP2,15.58719,6.8950696
ZNF431,15.58719,6.8950696
OSGEPL1,15.58719,6.8950696
JUP,15.58719,6.8950696
ZMYND12,15.58719,6.8950696
ABHD17A,15.58719,6.8950696
NMNAT1,15.58719,6.8950696
SYNE4,15.58719,6.8950696
TM9SF1,15.58719,6.8950696
UGT2B28,15.58719,6.8950696
IFIT1B,15.58719,6.8950696
TRIM69,15.58719,6.8950696
B3GNT9,15.58719,6.8950696
AZI2,15.58719,6.8950696
ATCAY,15.58719,6.8950696
KCTD17,15.58719,6.8950696
ASB18,15.58719,6.8950696
PDLIM3,15.58719,6.8950696
CAPG,15.58719,6.8950696
BTN2A1,15.58719,6.8950696
SLC38A9,15.58719,6.8950696
TMEM44,15.58719,6.8950696
ZDHHC12,15.58719,6.8950696
NUFIP1,15.58719,6.8950696
ZNF195,15.58719,6.8950696
ATXN7L2,15.58719,6.8950696
FEZ1,15.58719,6.8950696
CEP68,15.58719,6.8950696
KCTD16,15.58719,6.8950696
MAGEC1,15.58719,6.8950696
SLC35B4,15.58719,6.8950696
C4orf50,15.58719,6.8950696
C1orf43,15.58719,6.8950696
KLK10,15.58719,6.8950696
CNOT7,15.58719,6.8950696
ZNF416,15.58719,6.8950696
LRRC32,15.58719,6.8950696
FOLR2,15.58719,6.8950696
SEPHS1,15.58719,6.8950696
RRAS,15.58719,6.8950696
MPPED2,15.58719,6.8950696
WBP4,15.58719,6.8950696
HPX,15.58719,6.8950696
TK1,15.58719,6.8950696
KRAS,15.58719,6.8950696
EIF3M,15.58719,6.8950696
GFI1B,15.58719,6.8950696
ANXA9,15.58719,6.8950696
GOSR1,15.58719,6.8950696
DNAJC27,15.58719,6.8950696
ZNF28,15.58719,6.8950696
PIGK,15.58719,6.8950696
DNAJC9,15.58719,6.8950696
STK17B,15.58719,6.8950696
FCF1,15.58719,6.8950696
TMEM129,15.58719,6.8950696
RNASEH2C,15.58719,6.8950696
LEFTY1,15.58719,6.8950696
AURKA,15.58719,6.8950696
PPP1R3C,15.58719,6.8950696
RFTN2,15.58719,6.8950696
IMPA1,15.58719,6.8950696
DMTN,15.58719,6.8950696
ANXA13,15.58719,6.8950696
THPO,15.58719,6.8950696
C18orf63,15.58719,6.8950696
PYCR2,15.58719,6.8950696
ADARB1,15.58719,6.8950696
OPCML,15.58719,6.8950696
CIAPIN1,15.58719,6.8950696
COPE,15.58719,6.8950696
SSUH2,15.58719,6.8950696
CYB5D2,15.58719,6.8950696
MARCH5,15.58719,6.8950696
HSD17B1,15.58719,6.8950696
NEUROG3,15.58719,6.8950696
ARMH4,15.58719,6.8950696
MROH2B,15.58719,6.8950696
UNC50,15.58719,6.8950696
TEPSIN,15.58719,6.8950696
GHSR,15.58719,6.8950696
SIAH1,15.58719,6.8950696
DPEP2,15.58719,6.8950696
STPG3,15.58719,6.8950696
NDUFAF1,15.58719,6.8950696
GTF2E2,15.58719,6.8950696
ALKBH1,15.58719,6.8950696
SURF4,15.58719,6.8950696
ELMOD3,15.58719,6.8950696
ARRDC4,15.58719,6.8950696
ABRAXAS2,15.58719,6.8950696
ZNF846,15.58719,6.8950696
AKIRIN2,15.58719,6.8950696
SYT4,15.58719,6.8950696
HM13,15.58719,6.8950696
AK1,15.58719,6.8950696
PRLHR,15.58719,6.8950696
PIM2,15.58719,6.8950696
SLC12A3,15.58719,6.8950696
ARHGEF39,15.58719,6.8950696
STX10,15.58719,6.8950696
TMEM108,15.58719,6.8950696
DUSP6,15.58719,6.8950696
RTL5,15.58719,6.8950696
HTR3C,15.58719,6.8950696
NEMP2,15.58719,6.8950696
POM121L2,15.58719,6.8950696
PTGFR,15.58719,6.8950696
PAPSS1,15.58719,6.8950696
RPL6,15.58719,6.8950696
RLF,15.58719,6.8950696
ZPBP,15.58719,6.8950696
JMJD7,15.58719,6.8950696
SERPINA11,15.58719,6.8950696
PLPP7,15.58719,6.8950696
UBE2W,15.58719,6.8950696
NMUR2,15.58719,6.8950696
GAR1,15.58719,6.8950696
C19orf57,15.58719,6.8950696
CHIT1,15.58719,6.8950696
CDR2,15.58719,6.8950696
GLYATL1,15.58719,6.8950696
YWHAQ,15.58719,6.8950696
SSR1,15.58719,6.8950696
FHOD1,15.58719,6.8950696
DUSP26,15.58719,6.8950696
H2AFJ,15.58719,6.8950696
NAF1,15.58719,6.8950696
DHRS12,15.58719,6.8950696
KCTD15,15.58719,6.8950696
SLC39A11,15.58719,6.8950696
PLAG1,15.58719,6.8950696
ZNF792,15.58719,6.8950696
CAPZA2,15.58719,6.8950696
MIA2,15.58719,6.8950696
WBP1L,15.58719,6.8950696
RAB33A,15.58719,6.8950696
TATDN1,15.58719,6.8950696
FAM83E,15.58719,6.8950696
QKI,15.58719,6.8950696
SH2D7,15.58719,6.8950696
APOBEC3B,15.58719,6.8950696
HSPB7,15.58719,6.8950696
SELL,15.58719,6.8950696
HIC1,15.58719,6.8950696
ZNF768,15.58719,6.8950696
LRRC42,15.58719,6.8950696
POLR2B,15.58719,6.8950696
RNFT1,15.58719,6.8950696
FOXI2,15.58719,6.8950696
STRADB,15.58719,6.8950696
WIPF3,15.58719,6.8950696
RTF2,15.58719,6.8950696
PIGN,15.58719,6.8950696
FAM47A,15.58719,6.8950696
FGFR2,15.58719,6.8950696
PRSS54,15.58719,6.8950696
FOXA3,15.58719,6.8950696
TERF1,15.58719,6.8950696
DAP3,15.58719,6.8950696
CKAP5,15.58719,6.8950696
ZNF205,15.58719,6.8950696
BHLHE40,15.58719,6.8950696
ZNF329,15.58719,6.8950696
PPID,15.58719,6.8950696
DIABLO,15.58719,6.8950696
SOWAHC,15.58719,6.8950696
ZNF266,15.58719,6.8950696
RPS3A,15.58719,6.8950696
E2F1,15.58719,6.8950696
CRYGA,15.58719,6.8950696
NEPRO,15.58719,6.8950696
NEIL3,15.58719,6.8950696
CTSZ,15.58719,6.8950696
NOX3,15.58719,6.8950696
DOK2,15.58719,6.8950696
GINS1,15.58719,6.8950696
PGC,15.58719,6.8950696
MFAP4,15.58719,6.8950696
RGS20,15.58719,6.8950696
HS3ST3B1,15.58719,6.8950696
PSG6,15.58719,6.8950696
LCMT1,15.58719,6.8950696
FBXL3,15.58719,6.8950696
TIMM21,15.58719,6.8950696
ARMC12,15.58719,6.8950696
PARP16,15.58719,6.8950696
TNFAIP1,15.58719,6.8950696
PAQR3,15.58719,6.8950696
CNOT8,15.58719,6.8950696
CENPI,15.58719,6.8950696
DCN,15.58719,6.8950696
MISP,15.58719,6.8950696
CLNK,15.58719,6.8950696
SLC22A25,15.58719,6.8950696
CRYM,15.58719,6.8950696
SELENOI,15.58719,6.8950696
NFKBID,15.58719,6.8950696
HSD17B13,15.58719,6.8950696
CPA2,15.58719,6.8950696
AKAP3,15.58719,6.8950696
CNN1,15.58719,6.8950696
APCDD1L,15.58719,6.8950696
PEX14,15.58719,6.8950696
TRIM29,15.58719,6.8950696
THAP3,15.58719,6.8950696
TM9SF4,15.58719,6.8950696
ABHD17B,15.58719,6.8950696
IL1R1,15.58719,6.8950696
RPL13A,15.58719,6.8950696
UBQLN3,15.58719,6.8950696
NGDN,15.58719,6.8950696
RSPO1,15.58719,6.8950696
CHID1,15.58719,6.8950696
LHFPL3,15.58719,6.8950696
LRR1,15.58719,6.8950696
MMAB,15.58719,6.8950696
FCMR,15.58719,6.8950696
SLC16A6,15.58719,6.8950696
RAB4A,15.58719,6.8950696
WDR61,15.58719,6.8950696
GPATCH11,15.58719,6.8950696
L3HYPDH,15.58719,6.8950696
NFKBIA,15.58719,6.8950696
ZDHHC20,15.58719,6.8950696
PRSS1,15.58719,6.8950696
PLEKHG7,15.58719,6.8950696
CDH24,15.58719,6.8950696
SSTR2,15.58719,6.8950696
ZNF256,15.58719,6.8950696
REEP1,15.58719,6.8950696
OTUD3,15.58719,6.8950696
SIGLEC11,15.58719,6.8950696
PRIM1,15.58719,6.8950696
AGFG1,15.58719,6.8950696
CTSG,15.58719,6.8950696
ZSCAN22,15.58719,6.8950696
M6PR,15.58719,6.8950696
USP46,15.58719,6.8950696
AKR1C3,15.58719,6.8950696
SOX15,15.58719,6.8950696
MIPOL1,15.58719,6.8950696
CDC25C,15.58719,6.8950696
PURG,15.58719,6.8950696
LANCL3,15.58719,6.8950696
DCUN1D1,15.58719,6.8950696
GIPC2,15.58719,6.8950696
TRIM34,15.58719,6.8950696
BSX,15.58719,6.8950696
CCDC121,15.58719,6.8950696
TRIM59,15.58719,6.8950696
CHMP3,15.58719,6.8950696
ZNF385B,15.58719,6.8950696
BARX1,15.58719,6.8950696
GSG1,15.58719,6.8950696
SHLD2,15.58719,6.8950696
NHEJ1,15.58719,6.8950696
PRRX2,15.58719,6.8950696
SFTPC,15.58719,6.8950696
SMTNL1,15.58719,6.8950696
PSPC1,15.58719,6.8950696
TMEM127,15.58719,6.8950696
AHNAK,15.58719,6.8950696
MORF4L1,15.58719,6.8950696
RRS1,15.58719,6.8950696
PRR5L,15.58719,6.8950696
LRRC66,15.58719,6.8950696
CRYBB2,15.58719,6.8950696
CHRM1,15.58719,6.8950696
RAC1,15.58719,6.8950696
ZBED8,15.58719,6.8950696
RASGEF1C,15.58719,6.8950696
ITPK1,15.58719,6.8950696
ANKRD63,15.58719,6.8950696
CD19,15.58719,6.8950696
HTR3E,15.58719,6.8950696
ZNF157,15.58719,6.8950696
ZNF101,15.58719,6.8950696
FGF22,15.58719,6.8950696
EOMES,15.58719,6.8950696
ENTPD8,15.58719,6.8950696
MAD2L1BP,15.58719,6.8950696
HSPA1L,15.58719,6.8950696
SOST,15.58719,6.8950696
CYC1,15.58719,6.8950696
ZNF837,15.58719,6.8950696
NUBP1,15.58719,6.8950696
DECR1,15.58719,6.8950696
ZBTB5,15.58719,6.8950696
FAM173B,15.58719,6.8950696
TMEM30B,15.58719,6.8950696
FBXW12,15.58719,6.8950696
PRSS22,15.58719,6.8950696
TCF21,15.58719,6.8950696
HP,15.58719,6.8950696
N4BP3,15.58719,6.8950696
SULT1A2,15.58719,6.8950696
IFNLR1,15.58719,6.8950696
PLP1,15.58719,6.8950696
TOMM34,15.58719,6.8950696
PPP1R36,15.58719,6.8950696
ARHGAP36,15.58719,6.8950696
RABGGTB,15.58719,6.8950696
NUP58,15.58719,6.8950696
XPNPEP3,15.58719,6.8950696
CCDC130,15.58719,6.8950696
KCTD1,15.58719,6.8950696
ZNF775,15.58719,6.8950696
SCD,15.58719,6.8950696
KCNN2,15.58719,6.8950696
WDR25,15.58719,6.8950696
JAM3,15.58719,6.8950696
PIP4K2C,15.58719,6.8950696
RPUSD4,15.58719,6.8950696
RNF144A,15.58719,6.8950696
MSS51,15.58719,6.8950696
ST3GAL4,15.58719,6.8950696
GFRA4,15.58719,6.8950696
SCML4,15.58719,6.8950696
ARMT1,15.58719,6.8950696
ZNF391,15.58719,6.8950696
PRSS42,15.58719,6.8950696
LRRC56,15.58719,6.8950696
PLD2,15.58719,6.8950696
ACP6,15.58719,6.8950696
KCMF1,15.58719,6.8950696
PMP22,15.58719,6.8950696
THEMIS,15.58719,6.8950696
TRIM14,15.58719,6.8950696
VNN3,15.58719,6.8950696
ZNF57,15.58719,6.8950696
S1PR1,15.58719,6.8950696
GKAP1,15.58719,6.8950696
CSRNP1,15.58719,6.8950696
VPS37A,15.58719,6.8950696
MRPL45,15.58719,6.8950696
NUDT13,15.58719,6.8950696
RPL18,15.58719,6.8950696
SERPINB2,15.58719,6.8950696
INHBA,15.58719,6.8950696
OGFOD3,15.58719,6.8950696
ATG5,15.58719,6.8950696
GNL3L,15.58719,6.8950696
SGPP1,15.58719,6.8950696
ZNF181,15.58719,6.8950696
FGFR1OP2,15.58719,6.8950696
NAGK,15.58719,6.8950696
SLC39A8,15.58719,6.8950696
VAT1L,15.58719,6.8950696
ASPA,15.58719,6.8950696
ZNF213,15.58719,6.8950696
LRRC47,15.58719,6.8950696
DUSP5,15.58719,6.8950696
CBLN3,15.58719,6.8950696
TMEM256-PLSCR3,15.58719,6.8950696
SLC38A6,15.58719,6.8950696
METAP1D,15.58719,6.8950696
RBM22,15.58719,6.8950696
CX3CL1,15.58719,6.8950696
ABHD10,15.58719,6.8950696
GPR84,15.58719,6.8950696
SFXN3,15.58719,6.8950696
ACOT7,15.58719,6.8950696
LHFPL4,15.58719,6.8950696
WWTR1,15.58719,6.8950696
ZNF18,15.58719,6.8950696
LEFTY2,15.58719,6.8950696
RND1,15.58719,6.8950696
SLC25A2,15.58719,6.8950696
AGTRAP,15.58719,6.8950696
AQP8,15.58719,6.8950696
COQ10A,15.58719,6.8950696
CDS1,15.58719,6.8950696
NOMO1,15.58719,6.8950696
ATG4A,15.58719,6.8950696
CEACAM5,15.58719,6.8950696
ZNF443,15.58719,6.8950696
ZNF799,15.58719,6.8950696
DUSP15,15.58719,6.8950696
SFRP1,15.58719,6.8950696
WTAP,15.58719,6.8950696
TMC1,15.58719,6.8950696
GRB2,15.58719,6.8950696
CALN1,15.58719,6.8950696
ZNF250,15.58719,6.8950696
SERPINB10,15.58719,6.8950696
SPSB4,15.58719,6.8950696
ARFRP1,15.58719,6.8950696
BLZF1,15.58719,6.8950696
STX16,15.58719,6.8950696
DUSP11,15.58719,6.8950696
TOX2,15.58719,6.8950696
DCTN2,15.58719,6.8950696
RP2,15.58719,6.8950696
B4GALT1,15.58719,6.8950696
HOXB7,15.58719,6.8950696
DNAJB2,15.58719,6.8950696
HARBI1,15.58719,6.8950696
UGT2B11,15.58719,6.8950696
PYGL,15.58719,6.8950696
TWIST2,15.58719,6.8950696
ATP1B2,15.58719,6.8950696
EXOC4,15.58719,6.8950696
CSHL1,15.58719,6.8950696
PDE4B,15.58719,6.8950696
ZNF852,15.58719,6.8950696
SLC25A53,15.58719,6.8950696
LRRC39,15.58719,6.8950696
CHRNA10,15.58719,6.8950696
HFE,15.58719,6.8950696
SULT1C2,15.58719,6.8950696
TMEM26,15.58719,6.8950696
B3GNT8,15.58719,6.8950696
NOB1,15.58719,6.8950696
ARRDC3,15.58719,6.8950696
EGFL8,15.58719,6.8950696
KIAA0513,15.58719,6.8950696
CLDN14,15.58719,6.8950696
TRIM21,15.58719,6.8950696
CA7,15.58719,6.8950696
AVEN,15.58719,6.8950696
CUEDC2,15.58719,6.8950696
ZNF467,15.58719,6.8950696
MINDY3,15.58719,6.8950696
PROSER1,15.58719,6.8950696
ZNF8,15.58719,6.8950696
ANKRD2,15.58719,6.8950696
C1QL2,15.58719,6.8950696
UBAC2,15.58719,6.8950696
GSC,15.58719,6.8950696
IL1RL1,15.58719,6.8950696
RPLP0,15.58719,6.8950696
RBMS2,15.58719,6.8950696
TSPAN9,15.58719,6.8950696
ZFAND1,15.58719,6.8950696
CHP1,15.58719,6.8950696
TXNIP,15.58719,6.8950696
MEGF9,15.58719,6.8950696
ARPC2,15.58719,6.8950696
HSPBP1,15.58719,6.8950696
PIP4P1,15.58719,6.8950696
WARS2,15.58719,6.8950696
SLC35F2,15.58719,6.8950696
HOXC5,15.58719,6.8950696
IFIT1,15.58719,6.8950696
RNF113A,15.58719,6.8950696
HOXC8,15.58719,6.8950696
CAPN10,15.58719,6.8950696
ZNF345,15.58719,6.8950696
SCAMP3,15.58719,6.8950696
ITK,15.58719,6.8950696
DUSP8,15.58719,6.8950696
RAB3A,15.58719,6.8950696
KLK6,15.58719,6.8950696
BCL9L,15.58719,6.8950696
SLC15A5,15.58719,6.8950696
KIAA1191,15.58719,6.8950696
IL17RB,15.58719,6.8950696
SERPINB13,15.58719,6.8950696
DDAH1,15.58719,6.8950696
DAAM2,15.58719,6.8950696
SMAD2,15.58719,6.8950696
AFMID,15.58719,6.8950696
EBP,15.58719,6.8950696
RPL23,15.58719,6.8950696
CYB561,15.58719,6.8950696
WDR17,15.58719,6.8950696
DNAJB6,15.58719,6.8950696
TRNT1,15.58719,6.8950696
DPEP1,15.58719,6.8950696
ZMYM4,15.58719,6.8950696
EFCAB12,15.58719,6.8950696
IL13RA2,15.58719,6.8950696
FOXS1,15.58719,6.8950696
C12orf50,15.58719,6.8950696
FCN2,15.58719,6.8950696
UCK2,15.58719,6.8950696
ADAM20,15.58719,6.8950696
FAR2,15.58719,6.8950696
GOLM1,15.58719,6.8950696
HSD17B3,15.58719,6.8950696
CYP2A13,15.58719,6.8950696
MLF2,15.58719,6.8950696
GAL3ST1,15.58719,6.8950696
GTF2E1,15.58719,6.8950696
PSG3,15.58719,6.8950696
ASS1,15.58719,6.8950696
AKTIP,15.58719,6.8950696
NKX2-3,15.58719,6.8950696
AQP6,15.58719,6.8950696
COQ4,15.58719,6.8950696
BMP8B,15.58719,6.8950696
FUZ,15.58719,6.8950696
ETV7,15.58719,6.8950696
ACTL8,15.58719,6.8950696
SRD5A1,15.58719,6.8950696
LRRC75A,15.58719,6.8950696
FGF12,15.58719,6.8950696
KCTD10,15.58719,6.8950696
FAM53C,15.58719,6.8950696
ZNF140,15.58719,6.8950696
FAM102A,15.58719,6.8950696
OAS1,15.58719,6.8950696
UBOX5,15.58719,6.8950696
KLK14,15.58719,6.8950696
CCDC114,15.58719,6.8950696
PEX26,15.58719,6.8950696
PCDHB11,15.58719,6.8950696
CCDC112,15.58719,6.8950696
SSRP1,15.58719,6.8950696
ZSCAN18,15.58719,6.8950696
SERPINB5,15.58719,6.8950696
BTN3A3,15.58719,6.8950696
GPBP1L1,15.58719,6.8950696
CHGA,15.58719,6.8950696
LDAH,15.58719,6.8950696
BBOF1,15.58719,6.8950696
CENPB,15.58719,6.8950696
MLLT1,15.58719,6.8950696
ANTXRL,15.58719,6.8950696
DENND1B,15.58719,6.8950696
DHRS7C,15.58719,6.8950696
ERRFI1,15.58719,6.8950696
CHRDL1,15.58719,6.8950696
PXMP2,15.58719,6.8950696
NCK1,15.58719,6.8950696
TNFRSF1B,15.58719,6.8950696
SERPINI2,15.58719,6.8950696
SLA,15.58719,6.8950696
DERL1,15.58719,6.8950696
ZFP1,15.58719,6.8950696
HAND2,15.58719,6.8950696
ZNF331,15.58719,6.8950696
PANX2,15.58719,6.8950696
RHOC,15.58719,6.8950696
IPCEF1,15.58719,6.8950696
LMO2,15.58719,6.8950696
UPK1A,15.58719,6.8950696
DNAJB13,15.58719,6.8950696
CD276,15.58719,6.8950696
SDF2,15.58719,6.8950696
NXF3,15.58719,6.8950696
ELFN1,15.58719,6.8950696
ELAVL1,15.58719,6.8950696
KLK12,15.58719,6.8950696
PPM1N,15.58719,6.8950696
CCDC38,15.58719,6.8950696
NEGR1,15.58719,6.8950696
B3GALT4,15.58719,6.8950696
DHRS9,15.58719,6.8950696
RASA2,15.58719,6.8950696
GLT8D2,15.58719,6.8950696
TBL2,15.58719,6.8950696
BHLHE41,15.58719,6.8950696
TLR1,15.58719,6.8950696
FOSL2,15.58719,6.8950696
PSMD7,15.58719,6.8950696
ZDHHC18,15.58719,6.8950696
ANKRD10,15.58719,6.8950696
CYB5R2,15.58719,6.8950696
VEGFD,15.58719,6.8950696
KCTD12,15.58719,6.8950696
SF3A2,15.58719,6.8950696
TCN2,15.58719,6.8950696
KLF11,15.58719,6.8950696
GORAB,15.58719,6.8950696
CYGB,15.58719,6.8950696
RCAN3,15.58719,6.8950696
SLC16A12,15.58719,6.8950696
FCN1,15.58719,6.8950696
CDADC1,15.58719,6.8950696
MSRB1,15.58719,6.8950696
MAPK12,15.58719,6.8950696
GPR37L1,15.58719,6.8950696
CABLES2,15.58719,6.8950696
DCUN1D4,15.58719,6.8950696
LCA5L,15.58719,6.8950696
ZNF275,15.58719,6.8950696
ELOVL4,15.58719,6.8950696
SNRNP48,15.58719,6.8950696
SPATA16,15.58719,6.8950696
SNUPN,15.58719,6.8950696
NRTN,15.58719,6.8950696
ZNF551,15.58719,6.8950696
B4GAT1,15.58719,6.8950696
ASTL,15.58719,6.8950696
IK,15.58719,6.8950696
P2RX3,15.58719,6.8950696
FBXO25,15.58719,6.8950696
ZNF625,15.58719,6.8950696
DPH7,15.58719,6.8950696
SLC32A1,15.58719,6.8950696
EFNA4,15.58719,6.8950696
AKAP4,15.58719,6.8950696
CDC20B,15.58719,6.8950696
WDR89,15.58719,6.8950696
TRABD,15.58719,6.8950696
DCAF8L2,15.58719,6.8950696
ZNF571,15.58719,6.8950696
SERPINB12,15.58719,6.8950696
MOSPD2,15.58719,6.8950696
RCN3,15.58719,6.8950696
ZNF543,15.58719,6.8950696
CELA2B,15.58719,6.8950696
TSPAN11,15.58719,6.8950696
ACPP,15.58719,6.8950696
PQLC2,15.58719,6.8950696
TJAP1,15.58719,6.8950696
MEOX2,15.58719,6.8950696
PRSS21,15.58719,6.8950696
CRX,15.58719,6.8950696
KCNK2,15.58719,6.8950696
ABHD16B,15.58719,6.8950696
HECA,15.58719,6.8950696
PTPMT1,15.58719,6.8950696
RNF10,15.58719,6.8950696
TFDP1,15.58719,6.8950696
ADORA3,15.58719,6.8950696
ZNF43,15.58719,6.8950696
BBX,15.58719,6.8950696
SRFBP1,15.58719,6.8950696
ZDHHC9,15.58719,6.8950696
CNR1,15.58719,6.8950696
PODXL,15.58719,6.8950696
CA8,15.58719,6.8950696
ASB6,15.58719,6.8950696
QPCT,15.58719,6.8950696
RASSF9,15.58719,6.8950696
MAGEE2,15.58719,6.8950696
USP8,15.58719,6.8950696
MCAT,15.58719,6.8950696
NTSR1,15.58719,6.8950696
SCG2,15.58719,6.8950696
GTDC1,15.58719,6.8950696
C16orf71,15.58719,6.8950696
RAB24,15.58719,6.8950696
ABRAXAS1,15.58719,6.8950696
TTPA,15.58719,6.8950696
ADGRG3,15.58719,6.8950696
TSFM,15.58719,6.8950696
GOT1L1,15.58719,6.8950696
KRT37,15.58719,6.8950696
MYLK4,15.58719,6.8950696
CDK3,15.58719,6.8950696
MAPK11,15.58719,6.8950696
CYP2A7,15.58719,6.8950696
GPR153,15.58719,6.8950696
RER1,15.58719,6.8950696
ANGPTL3,15.58719,6.8950696
TSPYL2,15.58719,6.8950696
PNMA8B,15.58719,6.8950696
GTF2H3,15.58719,6.8950696
GDPD1,15.58719,6.8950696
PCDH1,15.58719,6.8950696
GPN1,15.58719,6.8950696
LDHB,15.58719,6.8950696
TNFSF13,15.58719,6.8950696
PI4K2A,15.58719,6.8950696
NSFL1C,15.58719,6.8950696
ANKRD9,15.58719,6.8950696
ZNF496,15.58719,6.8950696
FAM172A,15.58719,6.8950696
RNF130,15.58719,6.8950696
ADPRHL1,15.58719,6.8950696
CYP2A6,15.58719,6.8950696
STAM2,15.58719,6.8950696
PTGIR,15.58719,6.8950696
ZFYVE27,15.58719,6.8950696
DHH,15.58719,6.8950696
SLC30A10,15.58719,6.8950696
PYCR1,15.58719,6.8950696
ZNF461,15.58719,6.8950696
FAM151A,15.58719,6.8950696
FAM78A,15.58719,6.8950696
EXOSC2,15.58719,6.8950696
UFD1,15.58719,6.8950696
HAO1,15.58719,6.8950696
WISP3,15.58719,6.8950696
GFRA3,15.58719,6.8950696
ZNF549,15.58719,6.8950696
JMJD4,15.58719,6.8950696
DCAF17,15.58719,6.8950696
PTX4,15.58719,6.8950696
KRT34,15.58719,6.8950696
MPND,15.58719,6.8950696
ZNF330,15.58719,6.8950696
RIOX2,15.58719,6.8950696
SLC22A9,15.58719,6.8950696
STRIP2,15.58719,6.8950696
ENTPD3,15.58719,6.8950696
PSME4,15.58719,6.8950696
PALM3,15.58719,6.8950696
PGBD5,15.58719,6.8950696
LRRC31,15.58719,6.8950696
SLC25A19,15.58719,6.8950696
MLLT3,15.58719,6.8950696
MLF1,15.58719,6.8950696
ODF2L,15.58719,6.8950696
ZNF383,15.58719,6.8950696
TMEM175,15.58719,6.8950696
USP51,15.58719,6.8950696
PARD6A,15.58719,6.8950696
LRRC28,15.58719,6.8950696
ACTRT3,15.58719,6.8950696
RP9,15.58719,6.8950696
PRDM11,15.58719,6.8950696
HOXB4,15.58719,6.8950696
POLR2A,15.58719,6.8950696
POLR1A,15.58719,6.8950696
SNX32,15.58719,6.8950696
DPEP3,15.58719,6.8950696
IFT52,15.58719,6.8950696
SYT12,15.58719,6.8950696
GPRC5D,15.58719,6.8950696
SLC22A18,15.58719,6.8950696
MAGEL2,15.58719,6.8950696
EFCC1,15.58719,6.8950696
METTL2B,15.58719,6.8950696
KCTD18,15.58719,6.8950696
L1CAM,15.58719,6.8950696
TLR6,15.58719,6.8950696
PLIN1,15.58719,6.8950696
U2AF2,15.58719,6.8950696
ZNF620,15.58719,6.8950696
ZNF248,15.58719,6.8950696
USP12,15.58719,6.8950696
ZBTB8B,15.58719,6.8950696
LYSMD3,15.58719,6.8950696
MPV17L2,15.58719,6.8950696
CHD7,15.58719,6.8950696
GPR176,15.58719,6.8950696
CD55,15.58719,6.8950696
RNF165,15.58719,6.8950696
TNFSF11,15.58719,6.8950696
ATXN3,15.58719,6.8950696
MBIP,15.58719,6.8950696
PDP2,15.58719,6.8950696
CBX2,15.58719,6.8950696
SLC9A3R2,15.58719,6.8950696
ANGPT1,15.58719,6.8950696
BBC3,15.58719,6.8950696
C9orf50,15.58719,6.8950696
CYP4Z1,15.58719,6.8950696
FASTKD3,15.58719,6.8950696
PAFAH2,15.58719,6.8950696
MPPE1,15.58719,6.8950696
TSPAN2,15.58719,6.8950696
AAMP,15.58719,6.8950696
GPR83,15.58719,6.8950696
RERG,15.58719,6.8950696
LCOR,15.58719,6.8950696
ZNF324B,15.58719,6.8950696
PCGF5,15.58719,6.8950696
SNF8,15.58719,6.8950696
GCLC,15.58719,6.8950696
ZNF511,15.58719,6.8950696
A4GALT,15.58719,6.8950696
SEPHS2,15.58719,6.8950696
CCNE1,15.58719,6.8950696
IYD,15.58719,6.8950696
C2orf81,15.58719,6.8950696
TMLHE,15.58719,6.8950696
CYP8B1,15.58719,6.8950696
THUMPD2,15.58719,6.8950696
AADAT,15.58719,6.8950696
MDH1B,15.58719,6.8950696
COL21A1,15.58719,6.8950696
C10orf68,15.58719,6.8950696
ZNF783,15.58719,6.8950696
FYB2,15.58719,6.8950696
C9orf64,15.58719,6.8950696
ABHD6,15.58719,6.8950696
GRASP,15.58719,6.8950696
ZNF257,15.58719,6.8950696
KRT222,15.58719,6.8950696
PAAF1,15.58719,6.8950696
PFKL,15.58719,6.8950696
MYCN,15.58719,6.8950696
ELF4,15.58719,6.8950696
ABHD1,15.58719,6.8950696
XBP1,15.58719,6.8950696
LRP5L,15.58719,6.8950696
HTR3D,15.58719,6.8950696
ADAL,15.58719,6.8950696
HOXD4,15.58719,6.8950696
ZFP69,15.58719,6.8950696
MYBPHL,15.58719,6.8950696
GDF9,15.58719,6.8950696
CYP21A2,15.58719,6.8950696
HAAO,15.58719,6.8950696
ERVFRD-1,15.58719,6.8950696
EPHX4,15.58719,6.8950696
ZNF726,15.58719,6.8950696
RTBDN,15.58719,6.8950696
PCMTD2,15.58719,6.8950696
SF3B4,15.58719,6.8950696
USP25,15.58719,6.8950696
SAG,15.58719,6.8950696
ZIC3,15.58719,6.8950696
CAMKMT,15.58719,6.8950696
DGLUCY,15.58719,6.8950696
ODC1,15.58719,6.8950696
ZNF717,15.58719,6.8950696
PTPN14,15.58719,6.8950696
MBLAC2,15.58719,6.8950696
HSPB2,15.58719,6.8950696
GNMT,15.58719,6.8950696
VAX2,15.58719,6.8950696
PNLIPRP3,15.58719,6.8950696
TBC1D13,15.58719,6.8950696
AQP4,15.58719,6.8950696
STX1A,15.58719,6.8950696
ZBTB7B,15.58719,6.8950696
NDRG3,15.58719,6.8950696
TMEM135,15.58719,6.8950696
SLC14A1,15.58719,6.8950696
H2AFY2,15.58719,6.8950696
TM6SF1,15.58719,6.8950696
ZMAT1,15.58719,6.8950696
SMPD1,15.58719,6.8950696
MIP,15.58719,6.8950696
EBPL,15.58719,6.8950696
SP2,15.58719,6.8950696
LRIF1,15.58719,6.8950696
TRIM60,15.58719,6.8950696
LIPN,15.58719,6.8950696
STRN3,15.58719,6.8950696
ZNF34,15.58719,6.8950696
TSPAN33,15.58719,6.8950696
DPM1,15.58719,6.8950696
GPD1L,15.58719,6.8950696
AADACL2,15.58719,6.8950696
DUSP7,15.58719,6.8950696
PRL,15.58719,6.8950696
TRMT61B,15.58719,6.8950696
FAM131B,15.58719,6.8950696
MRPS35,15.58719,6.8950696
NDUFV3,15.58719,6.8950696
ZNF789,15.58719,6.8950696
CTTNBP2,15.58719,6.8950696
UBFD1,15.58719,6.8950696
SAMSN1,15.58719,6.8950696
MTHFD2,15.58719,6.8950696
B3GALT1,15.58719,6.8950696
B3GNT7,15.58719,6.8950696
GJB4,15.58719,6.8950696
ENTPD1,15.58719,6.8950696
PDZD3,15.58719,6.8950696
GDF1,15.58719,6.8950696
ZNF619,15.58719,6.8950696
ACP4,15.58719,6.8950696
SGO1,15.58719,6.8950696
ANKRD65,15.58719,6.8950696
PRMT6,15.58719,6.8950696
SLC9B2,15.58719,6.8950696
GJB2,15.58719,6.8950696
PGBD2,15.58719,6.8950696
GALR3,15.58719,6.8950696
ZNF510,15.58719,6.8950696
ATF7IP2,15.58719,6.8950696
SUDS3,15.58719,6.8950696
TMEM184B,15.58719,6.8950696
CELA3B,15.58719,6.8950696
PPP1R32,15.58719,6.8950696
MYL6,15.58719,6.8950696
CRACR2B,15.58719,6.8950696
KLK9,15.58719,6.8950696
HDHD5,15.58719,6.8950696
ZNF554,15.58719,6.8950696
USP54,15.58719,6.8950696
ICAM3,15.58719,6.8950696
PLPP3,15.58719,6.8950696
SLC22A24,15.58719,6.8950696
SHCBP1L,15.58719,6.8950696
ZNF81,15.58719,6.8950696
FOXQ1,15.58719,6.8950696
LEXM,15.58719,6.8950696
CCDC84,15.58719,6.8950696
NLRP10,15.58719,6.8950696
VSIG10,15.58719,6.8950696
DRC3,15.58719,6.8950696
PPP1R37,15.58719,6.8950696
DNASE1,15.58719,6.8950696
CCDC96,15.58719,6.8950696
CBARP,15.58719,6.8950696
PPM1L,15.58719,6.8950696
PIP5KL1,15.58719,6.8950696
TMPRSS11D,15.58719,6.8950696
ZNF491,15.58719,6.8950696
SERPINB8,15.58719,6.8950696
TRAPPC10,15.58719,6.8950696
JRKL,15.58719,6.8950696
WISP2,15.58719,6.8950696
UNG,15.58719,6.8950696
DCP1B,15.58719,6.8950696
MPPED1,15.58719,6.8950696
COQ9,15.58719,6.8950696
GSDMA,15.58719,6.8950696
PINX1,15.58719,6.8950696
RPS10,15.58719,6.8950696
PQBP1,15.58719,6.8950696
PPM1H,15.58719,6.8950696
BRMS1L,15.58719,6.8950696
HOXA11,15.58719,6.8950696
VGF,15.58719,6.8950696
ATG13,15.58719,6.8950696
STX18,15.58719,6.8950696
BMP15,15.58719,6.8950696
TTC29,15.58719,6.8950696
BCL3,15.58719,6.8950696
TMEM43,15.58719,6.8950696
TMOD3,15.58719,6.8950696
FJX1,15.58719,6.8950696
ACOT9,15.58719,6.8950696
SPATA22,15.58719,6.8950696
DECR2,15.58719,6.8950696
TNFAIP2,15.58719,6.8950696
MBNL3,15.58719,6.8950696
RAP2B,15.58719,6.8950696
TTC22,15.58719,6.8950696
MRPS27,15.58719,6.8950696
PTGES2,15.58719,6.8950696
ENDOU,15.58719,6.8950696
PARL,15.58719,6.8950696
REXO4,15.58719,6.8950696
NDUFAF3,15.58719,6.8950696
ALKBH3,15.58719,6.8950696
ZNF503,15.58719,6.8950696
CAMK4,15.58719,6.8950696
SEMG2,15.58719,6.8950696
ADIPOR1,15.58719,6.8950696
FAM57A,15.58719,6.8950696
MSLN,15.58719,6.8950696
TRIM56,15.58719,6.8950696
RNF212,15.58719,6.8950696
SCO1,15.58719,6.8950696
PCDHB12,15.58719,6.8950696
RPS26,15.58719,6.8950696
SEPT14,15.58719,6.8950696
ZNF436,15.58719,6.8950696
ACOT2,15.58719,6.8950696
ZNF513,15.58719,6.8950696
CADM4,15.58719,6.8950696
SAGE1,15.58719,6.8950696
RHAG,15.58719,6.8950696
C11orf80,15.58719,6.8950696
TRIB1,15.58719,6.8950696
MAGEE1,15.58719,6.8950696
AHSA1,15.58719,6.8950696
GTF2F1,15.58719,6.8950696
PRRC1,15.58719,6.8950696
TAL1,15.58719,6.8950696
FAM114A2,15.58719,6.8950696
STK33,15.58719,6.8950696
CALB1,15.58719,6.8950696
SLC52A2,15.58719,6.8950696
ALX3,15.58719,6.8950696
TSPAN18,15.58719,6.8950696
NTHL1,15.58719,6.8950696
PTCHD1,15.58719,6.8950696
KCNC2,15.58719,6.8950696
DNAJB1,15.58719,6.8950696
RANBP3L,15.58719,6.8950696
CCDC71,15.58719,6.8950696
VASP,15.58719,6.8950696
GLT8D1,15.58719,6.8950696
SLC5A5,15.58719,6.8950696
RTN4IP1,15.58719,6.8950696
MSANTD4,15.58719,6.8950696
ZNF502,15.58719,6.8950696
SHISA6,15.58719,6.8950696
PABPN1,15.58719,6.8950696
SPAM1,15.58719,6.8950696
ZBTB33,15.58719,6.8950696
C17orf80,15.58719,6.8950696
ABR,15.58719,6.8950696
HOXC11,15.58719,6.8950696
TADA2B,15.58719,6.8950696
GORASP2,15.58719,6.8950696
MPDU1,15.58719,6.8950696
FGL2,15.58719,6.8950696
HSD3B2,15.58719,6.8950696
FCAMR,15.58719,6.8950696
SYT17,15.58719,6.8950696
CABYR,15.58719,6.8950696
MED27,15.58719,6.8950696
TNFRSF11A,15.58719,6.8950696
MFNG,15.58719,6.8950696
LILRA6,15.58719,6.8950696
RPAP2,15.58719,6.8950696
FAM114A1,15.58719,6.8950696
CTTNBP2NL,15.58719,6.8950696
FOLR1,15.58719,6.8950696
IKBIP,15.58719,6.8950696
ADRB1,15.58719,6.8950696
FEZF1,15.58719,6.8950696
SAPCD2,15.58719,6.8950696
TOX,15.58719,6.8950696
ZBED6,15.58719,6.8950696
SFXN2,15.58719,6.8950696
C5orf38,15.58719,6.8950696
RAB1B,15.58719,6.8950696
TICAM2,15.58719,6.8950696
ZNF721,15.58719,6.8950696
LTBR,15.58719,6.8950696
FBXO43,15.58719,6.8950696
HOXD12,15.58719,6.8950696
TDRKH,15.58719,6.8950696
PAIP1,15.58719,6.8950696
ALCAM,15.58719,6.8950696
RCAN1,15.58719,6.8950696
SNX31,15.58719,6.8950696
HYAL1,15.58719,6.8950696
ADRA1B,15.58719,6.8950696
DHRS7B,15.58719,6.8950696
UBR5,15.58719,6.8950696
PRSS27,15.58719,6.8950696
KLF4,15.58719,6.8950696
DDRGK1,15.58719,6.8950696
ATP6V0D2,15.58719,6.8950696
SLC16A13,15.58719,6.8950696
TMCO1,15.58719,6.8950696
FGF17,15.58719,6.8950696
ZBTB34,15.58719,6.8950696
IL22RA1,15.58719,6.8950696
BLM,15.58719,6.8950696
PUS7L,15.58719,6.8950696
ZNF350,15.58719,6.8950696
UTP3,15.58719,6.8950696
ATMIN,15.58719,6.8950696
SNX11,15.58719,6.8950696
SHH,15.58719,6.8950696
MFSD4B,15.58719,6.8950696
GUCY1A1,15.58719,6.8950696
HTR1B,15.58719,6.8950696
CDKL1,15.58719,6.8950696
HSDL1,15.58719,6.8950696
ANKUB1,15.58719,6.8950696
ERGIC1,15.58719,6.8950696
EFCAB3,15.58719,6.8950696
SLC26A5,15.58719,6.8950696
CHMP4C,15.58719,6.8950696
MBP,15.58719,6.8950696
FAM189A2,15.58719,6.8950696
CPA4,15.58719,6.8950696
BFAR,15.58719,6.8950696
ARID3B,15.58719,6.8950696
FOXD4L1,15.58719,6.8950696
NAA30,15.58719,6.8950696
PTK2,15.58719,6.8950696
CNN2,15.58719,6.8950696
SFTPB,15.58719,6.8950696
GAS8,15.58719,6.8950696
GMEB2,15.58719,6.8950696
PRSS3,15.58719,6.8950696
HPR,15.58719,6.8950696
EME1,15.58719,6.8950696
TTC23,15.58719,6.8950696
FBXL12,15.58719,6.8950696
TRA2B,15.58719,6.8950696
GCNT3,15.58719,6.8950696
CEP57L1,15.58719,6.8950696
ATP5F1C,15.58719,6.8950696
PYCR3,15.58719,6.8950696
PCBP3,15.58719,6.8950696
MUCL3,15.58719,6.8950696
SSBP2,15.58719,6.8950696
RFX1,15.58719,6.8950696
RBFOX3,15.58719,6.8950696
EDIL3,15.58719,6.8950696
PCNX2,15.58719,6.8950696
TGIF1,15.58719,6.8950696
CIRBP,15.58719,6.8950696
UGT8,15.58719,6.8950696
C5,15.58719,6.8950696
ABHD11,15.58719,6.8950696
CLDN7,15.58719,6.8950696
NUDT9,15.58719,6.8950696
IL2RG,15.58719,6.8950696
TADA3,15.58719,6.8950696
ZFP37,15.58719,6.8950696
MX2,15.58719,6.8950696
IL21R,15.58719,6.8950696
TRIM22,15.58719,6.8950696
EN1,15.58719,6.8950696
UNC5CL,15.58719,6.8950696
C17orf75,15.58719,6.8950696
NODAL,15.58719,6.8950696
FBXO32,15.58719,6.8950696
ADPRM,15.58719,6.8950696
DNAJB4,15.58719,6.8950696
ZNF662,15.58719,6.8950696
MIEF2,15.58719,6.8950696
BEND7,15.58719,6.8950696
SMUG1,15.58719,6.8950696
DGAT2L6,15.58719,6.8950696
EIF4E2,15.58719,6.8950696
CLDN3,15.58719,6.8950696
PCMTD1,15.58719,6.8950696
BAZ1B,15.58719,6.8950696
CALB2,15.58719,6.8950696
OVGP1,15.58719,6.8950696
SS18,15.58719,6.8950696
CPQ,15.58719,6.8950696
IL20RA,15.58719,6.8950696
SMYD1,15.58719,6.8950696
SSC5D,15.58719,6.8950696
DACT3,15.58719,6.8950696
ZNF214,15.58719,6.8950696
ANKRD33B,15.58719,6.8950696
ZNF641,15.58719,6.8950696
RNF32,15.58719,6.8950696
FKBP6,15.58719,6.8950696
CKAP2,15.58719,6.8950696
HDX,15.58719,6.8950696
CREB3L1,15.58719,6.8950696
ATOH8,15.58719,6.8950696
TFAM,15.58719,6.8950696
C7orf25,15.58719,6.8950696
RAB33B,15.58719,6.8950696
NME7,15.58719,6.8950696
MYF5,15.58719,6.8950696
TOX3,15.58719,6.8950696
MYZAP,15.58719,6.8950696
VTI1A,15.58719,6.8950696
PPM1F,15.58719,6.8950696
ZNF415,15.58719,6.8950696
PHOX2B,15.58719,6.8950696
NAP1L4,15.58719,6.8950696
CA9,15.58719,6.8950696
SLC15A3,15.58719,6.8950696
SULT4A1,15.58719,6.8950696
FRMD5,15.58719,6.8950696
THRAP3,15.58719,6.8950696
SMYD3,15.58719,6.8950696
SLC7A13,15.58719,6.8950696
PCYOX1L,15.58719,6.8950696
RNF144B,15.58719,6.8950696
HERPUD2,15.58719,6.8950696
LGMN,15.58719,6.8950696
SKP2,15.58719,6.8950696
ZAR1,15.58719,6.8950696
DUSP10,15.58719,6.8950696
SLC17A4,15.58719,6.8950696
MS4A14,15.58719,6.8950696
PPIE,15.58719,6.8950696
IGSF21,15.58719,6.8950696
LEKR1,15.58719,6.8950696
GJB5,15.58719,6.8950696
KDM8,15.58719,6.8950696
CCT3,15.58719,6.8950696
RBM4B,15.58719,6.8950696
MARCH9,15.58719,6.8950696
MKRN2,15.58719,6.8950696
MIER2,15.58719,6.8950696
TCEA1,15.58719,6.8950696
TBXA2R,15.58719,6.8950696
BMP10,15.58719,6.8950696
PABPN1L,15.58719,6.8950696
NAP1L1,15.58719,6.8950696
LNPK,15.58719,6.8950696
HYAL4,15.58719,6.8950696
NMUR1,15.58719,6.8950696
POLR1E,15.58719,6.8950696
MYF6,15.58719,6.8950696
PJVK,15.58719,6.8950696
RASL10B,15.58719,6.8950696
SLC38A2,15.58719,6.8950696
RMI1,15.58719,6.8950696
UGT3A2,15.58719,6.8950696
DNAAF2,15.58719,6.8950696
UGT2B7,15.58719,6.8950696
ANXA4,15.58719,6.8950696
RAD23A,15.58719,6.8950696
PSMB4,15.58719,6.8950696
MAP3K8,15.58719,6.8950696
APRT,15.58719,6.8950696
CAPZB,15.58719,6.8950696
DLK1,15.58719,6.8950696
CCDC65,15.58719,6.8950696
NAPSA,15.58719,6.8950696
DNASE1L2,15.58719,6.8950696
ADORA2A,15.58719,6.8950696
ZNF254,15.58719,6.8950696
SLC25A45,15.58719,6.8950696
PJA2,15.58719,6.8950696
GRK1,15.58719,6.8950696
IFIT5,15.58719,6.8950696
CTDSP1,15.58719,6.8950696
NUFIP2,15.58719,6.8950696
RNLS,15.58719,6.8950696
DGKQ,15.58719,6.8950696
RAB4B,15.58719,6.8950696
PSTPIP1,15.58719,6.8950696
CACNG7,15.58719,6.8950696
GSX2,15.58719,6.8950696
RNF39,15.58719,6.8950696
SLCO6A1,15.58719,6.8950696
ZIM2,15.58719,6.8950696
PPP2CB,15.58719,6.8950696
TRIM50,15.58719,6.8950696
SLC35E1,15.58719,6.8950696
ADAM29,15.58719,6.8950696
ZNF776,15.58719,6.8950696
ZNF319,15.58719,6.8950696
SFRP4,15.58719,6.8950696
CRYBA1,15.58719,6.8950696
LRRC24,15.58719,6.8950696
ZNF398,15.58719,6.8950696
ZNF30,15.58719,6.8950696
MVB12B,15.58719,6.8950696
DTX2,15.58719,6.8950696
TRIM65,15.58719,6.8950696
FAAH2,15.58719,6.8950696
ZBTB25,15.58719,6.8950696
CETP,15.58719,6.8950696
SLC39A4,15.58719,6.8950696
SLC17A3,15.58719,6.8950696
DEDD,15.58719,6.8950696
LRRN4,15.58719,6.8950696
CDK5,15.58719,6.8950696
G6PC2,15.58719,6.8950696
APOBEC3D,15.58719,6.8950696
SOX12,15.58719,6.8950696
TFB1M,15.58719,6.8950696
ADCY1,15.58719,6.8950696
HSD17B8,15.58719,6.8950696
LRRC23,15.58719,6.8950696
ST3GAL5,15.58719,6.8950696
RFC3,15.58719,6.8950696
METTL2A,15.58719,6.8950696
ACY3,15.58719,6.8950696
SVOP,15.58719,6.8950696
SLC39A13,15.58719,6.8950696
NIPSNAP2,15.58719,6.8950696
ROM1,15.58719,6.8950696
RAB8A,15.58719,6.8950696
ST8SIA5,15.58719,6.8950696
TMEM198,15.58719,6.8950696
RMND1,15.58719,6.8950696
ZNF652,15.58719,6.8950696
MAGED2,15.58719,6.8950696
TRMT2B,15.58719,6.8950696
VKORC1L1,15.58719,6.8950696
GDF2,15.58719,6.8950696
IFT57,15.58719,6.8950696
FOXD2,15.58719,6.8950696
TSG101,15.58719,6.8950696
ARHGAP1,15.58719,6.8950696
CKAP2L,15.58719,6.8950696
POT1,15.58719,6.8950696
OLA1,15.58719,6.8950696
SDF2L1,15.58719,6.8950696
NPFFR2,15.58719,6.8950696
DNASE2B,15.58719,6.8950696
DEGS2,15.58719,6.8950696
KRR1,15.58719,6.8950696
ZNF35,15.58719,6.8950696
HAPLN2,15.58719,6.8950696
RS1,15.58719,6.8950696
CENPN,15.58719,6.8950696
ZSCAN25,15.58719,6.8950696
EFNA3,15.58719,6.8950696
RBMS3,15.58719,6.8950696
TESPA1,15.58719,6.8950696
TENT5B,15.58719,6.8950696
BTN2A2,15.58719,6.8950696
CARNMT1,15.58719,6.8950696
UTP11,15.58719,6.8950696
APOA5,15.58719,6.8950696
NDE1,15.58719,6.8950696
SLC46A1,15.58719,6.8950696
ZNF23,15.58719,6.8950696
CSNK1A1,15.58719,6.8950696
RABEPK,15.58719,6.8950696
TBC1D32,15.58719,6.8950696
CD5,15.58719,6.8950696
TRABD2A,15.58719,6.8950696
RRP8,15.58719,6.8950696
E2F3,15.58719,6.8950696
ABHD8,15.58719,6.8950696
TCTE1,15.58719,6.8950696
SPAG4,15.58719,6.8950696
HOXB8,15.58719,6.8950696
CLYBL,15.58719,6.8950696
BCL6B,15.58719,6.8950696
IGLON5,15.58719,6.8950696
RAB5B,15.58719,6.8950696
AASS,15.58719,6.8950696
SFXN5,15.58719,6.8950696
DMRTA1,15.58719,6.8950696
CALR,15.58719,6.8950696
CSNK1G2,15.58719,6.8950696
DUSP4,15.58719,6.8950696
PDIA3,15.58719,6.8950696
PACSIN1,15.58719,6.8950696
ANKRD33,15.58719,6.8950696
GTF2B,15.58719,6.8950696
NPTN,15.58719,6.8950696
TBC1D22A,15.58719,6.8950696
SCTR,15.58719,6.8950696
ZDHHC3,15.58719,6.8950696
NECAB3,15.58719,6.8950696
SLC25A51,15.58719,6.8950696
ARL8A,15.58719,6.8950696
GAK,15.58719,6.8950696
STK19,15.58719,6.8950696
MYOZ3,15.58719,6.8950696
ZNF540,15.58719,6.8950696
ZNF233,15.58719,6.8950696
POLR2F,15.58719,6.8950696
EMC3,15.58719,6.8950696
SHBG,15.58719,6.8950696
WDR47,15.58719,6.8950696
TLE6,15.58719,6.8950696
SUPT3H,15.58719,6.8950696
ARFIP1,15.58719,6.8950696
SNPH,15.58719,6.8950696
C9orf43,15.58719,6.8950696
MAPK1,15.58719,6.8950696
ZNF300,15.58719,6.8950696
B3GAT2,15.58719,6.8950696
CPA5,15.58719,6.8950696
KDM4E,15.58719,6.8950696
SH2D2A,15.58719,6.8950696
ZFPL1,15.58719,6.8950696
HOXB13,15.58719,6.8950696
FAM83C,15.58719,6.8950696
CYBA,15.58719,6.8950696
ABRA,15.58719,6.8950696
SERINC3,15.58719,6.8950696
BACE2,15.58719,6.8950696
KPRP,15.58719,6.8950696
TNIP3,15.58719,6.8950696
WDR92,15.58719,6.8950696
OPRK1,15.58719,6.8950696
GLMN,15.58719,6.8950696
AGT,15.58719,6.8950696
SMAP1,15.58719,6.8950696
GCH1,15.58719,6.8950696
ZSCAN21,15.58719,6.8950696
RRAGD,15.58719,6.8950696
USP9X,15.58719,6.8950696
POMC,15.58719,6.8950696
C11orf96,15.58719,6.8950696
ADGRB1,15.58719,6.8950696
ZNF526,15.58719,6.8950696
SLC30A3,15.58719,6.8950696
PRMT3,15.58719,6.8950696
CCDC86,15.58719,6.8950696
UBE2J1,15.58719,6.8950696
SOX21,15.58719,6.8950696
C8orf34,15.58719,6.8950696
B4GALT5,15.58719,6.8950696
CCDC137,15.58719,6.8950696
NHLRC3,15.58719,6.8950696
SERPINE1,15.58719,6.8950696
CREB3L2,15.58719,6.8950696
ST3GAL2,15.58719,6.8950696
PCYT1B,15.58719,6.8950696
ASB5,15.58719,6.8950696
POU5F1B,15.58719,6.8950696
NECAP2,15.58719,6.8950696
RBP4,15.58719,6.8950696
MPV17,15.58719,6.8950696
GAS2,15.58719,6.8950696
GABPB2,15.58719,6.8950696
RPL18A,15.58719,6.8950696
OGFRL1,15.58719,6.8950696
FAM124A,15.58719,6.8950696
COQ5,15.58719,6.8950696
GZMB,15.58719,6.8950696
IL23R,15.58719,6.8950696
AGK,15.58719,6.8950696
SLC46A2,15.58719,6.8950696
NPHS1,15.58719,6.8950696
PCDHB8,15.58719,6.8950696
ZNF648,15.58719,6.8950696
CLUAP1,15.58719,6.8950696
KBTBD13,15.58719,6.8950696
SLC16A2,15.58719,6.8950696
PGGT1B,15.58719,6.8950696
PSMD8,15.58719,6.8950696
WIPF2,15.58719,6.8950696
MFSD9,15.58719,6.8950696
THOC6,15.58719,6.8950696
EXTL2,15.58719,6.8950696
CWC27,15.58719,6.8950696
ADK,15.58719,6.8950696
B4GALT6,15.58719,6.8950696
CAP2,15.58719,6.8950696
CERS1,15.58719,6.8950696
LANCL1,15.58719,6.8950696
VWA1,15.58719,6.8950696
REEP3,15.58719,6.8950696
DIRC2,15.58719,6.8950696
TMOD2,15.58719,6.8950696
GPR142,15.58719,6.8950696
STAC,15.58719,6.8950696
TAB1,15.58719,6.8950696
PNMA3,15.58719,6.8950696
GNPTG,15.58719,6.8950696
PAQR6,15.58719,6.8950696
C11orf49,15.58719,6.8950696
SKAP1,15.58719,6.8950696
TCEA2,15.58719,6.8950696
FBXO44,15.58719,6.8950696
GAL3ST3,15.58719,6.8950696
SASH3,15.58719,6.8950696
ATXN10,15.58719,6.8950696
LACTB,15.58719,6.8950696
SFXN1,15.58719,6.8950696
PEX3,15.58719,6.8950696
FBXO28,15.58719,6.8950696
IRX1,15.58719,6.8950696
GPR137B,15.58719,6.8950696
ARG1,15.58719,6.8950696
RNF219,15.58719,6.8950696
TEX9,15.58719,6.8950696
P4HB,15.58719,6.8950696
ANKRD54,15.58719,6.8950696
CDC7,15.58719,6.8950696
LPO,15.58719,6.8950696
TRAPPC4,15.58719,6.8950696
ZNF836,15.58719,6.8950696
SMS,15.58719,6.8950696
CALCRL,15.58719,6.8950696
TRMT11,15.58719,6.8950696
SRSF2,15.58719,6.8950696
IKZF3,15.58719,6.8950696
ZKSCAN4,15.58719,6.8950696
ZBTB22,15.58719,6.8950696
GBGT1,15.58719,6.8950696
TRIM58,15.58719,6.8950696
PLOD2,15.58719,6.8950696
KCTD8,15.58719,6.8950696
CIAO1,15.58719,6.8950696
AGA,15.58719,6.8950696
ADAM2,15.58719,6.8950696
RFC2,15.58719,6.8950696
MBOAT4,15.58719,6.8950696
SMYD5,15.58719,6.8950696
ST6GALNAC6,15.58719,6.8950696
STK17A,15.58719,6.8950696
SLC8A1,15.58719,6.8950696
SPATA6,15.58719,6.8950696
RPL10L,15.58719,6.8950696
ZNF573,15.58719,6.8950696
FGF3,15.58719,6.8950696
RDH11,15.58719,6.8950696
ZNF385A,15.58719,6.8950696
DUSP1,15.58719,6.8950696
CUTC,15.58719,6.8950696
SYT11,15.58719,6.8950696
SDE2,15.58719,6.8950696
FICD,15.58719,6.8950696
B4GALT4,15.58719,6.8950696
ITGA5,15.58719,6.8950696
PPP2CA,15.58719,6.8950696
SLC39A14,15.58719,6.8950696
SLC16A3,15.58719,6.8950696
FAM83F,15.58719,6.8950696
PRKCB,15.58719,6.8950696
CCDC120,15.58719,6.8950696
NT5C3B,15.58719,6.8950696
NECAB2,15.58719,6.8950696
POU1F1,15.58719,6.8950696
PRKACA,15.58719,6.8950696
SIRT2,15.58719,6.8950696
NR1H2,15.58719,6.8950696
HSPB1,15.58719,6.8950696
INPP5D,15.58719,6.8950696
NSUN6,15.58719,6.8950696
SLC16A9,15.58719,6.8950696
AP5B1,15.58719,6.8950696
SNX5,15.58719,6.8950696
ECH1,15.58719,6.8950696
MYLK2,15.58719,6.8950696
NKX2-4,15.58719,6.8950696
TRADD,15.58719,6.8950696
FAM98C,15.58719,6.8950696
HOXA5,15.58719,6.8950696
GRSF1,15.58719,6.8950696
NOSIP,15.58719,6.8950696
RIOK1,15.58719,6.8950696
PIP4P2,15.58719,6.8950696
MROH1,15.58719,6.8950696
GJD4,15.58719,6.8950696
HMX2,15.58719,6.8950696
EFCAB14,15.58719,6.8950696
SERPING1,15.58719,6.8950696
PROZ,15.58719,6.8950696
FCRL4,15.58719,6.8950696
DDI1,15.58719,6.8950696
UGT2B10,15.58719,6.8950696
CCDC82,15.58719,6.8950696
PRTFDC1,15.58719,6.8950696
ZNF671,15.58719,6.8950696
VCAM1,15.58719,6.8950696
SCAP,15.58719,6.8950696
UBXN4,15.58719,6.8950696
BTBD18,15.58719,6.8950696
TNFRSF11B,15.58719,6.8950696
CEP72,15.58719,6.8950696
IRGQ,15.58719,6.8950696
LIPA,15.58719,6.8950696
TSN,15.58719,6.8950696
TEKT2,15.58719,6.8950696
ZSWIM3,15.58719,6.8950696
FAM155A,15.58719,6.8950696
DOCK5,15.58719,6.8950696
FAM131A,15.58719,6.8950696
ASRGL1,15.58719,6.8950696
NIF3L1,15.58719,6.8950696
FBXL7,15.58719,6.8950696
HOXA1,15.58719,6.8950696
KCTD13,15.58719,6.8950696
TRIM10,15.58719,6.8950696
GSX1,15.58719,6.8950696
DCPS,15.58719,6.8950696
ACOT4,15.58719,6.8950696
KIAA1328,15.58719,6.8950696
PLPPR5,15.58719,6.8950696
TEDC2,15.58719,6.8950696
TMEFF2,15.58719,6.8950696
METTL1,15.58719,6.8950696
HSD17B14,15.58719,6.8950696
STAR,15.58719,6.8950696
WWC3,15.58719,6.8950696
CD82,15.58719,6.8950696
PARVB,15.58719,6.8950696
UTP18,15.58719,6.8950696
TC2N,15.58719,6.8950696
SLC6A17,15.58719,6.8950696
CYP2F1,15.58719,6.8950696
ACIN1,15.58719,6.8950696
CRTC1,15.58719,6.8950696
ING5,15.58719,6.8950696
SLC41A2,15.58719,6.8950696
XKR8,15.58719,6.8950696
CCDC60,15.58719,6.8950696
TAF5,15.58719,6.8950696
BHMT,15.58719,6.8950696
PEX16,15.58719,6.8950696
C1QTNF1,15.58719,6.8950696
SERPINB6,15.58719,6.8950696
MAP6,15.58719,6.8950696
FAM49B,15.58719,6.8950696
FOXE1,15.58719,6.8950696
KCNIP2,15.58719,6.8950696
ZDHHC1,15.58719,6.8950696
CEP78,15.58719,6.8950696
MGME1,15.58719,6.8950696
HOXA2,15.58719,6.8950696
SGK494,15.58719,6.8950696
RUSC2,15.58719,6.8950696
RSPO2,15.58719,6.8950696
ZBTB3,15.58719,6.8950696
NELFA,15.58719,6.8950696
LILRB5,15.58719,6.8950696
DMRT3,15.58719,6.8950696
HTR7,15.58719,6.8950696
HYLS1,15.58719,6.8950696
WSB2,15.58719,6.8950696
DHRS7,15.58719,6.8950696
TGDS,15.58719,6.8950696
RNPEPL1,15.58719,6.8950696
ZNF782,15.58719,6.8950696
SLC35F6,15.58719,6.8950696
DMRT2,15.58719,6.8950696
HMG20B,15.58719,6.8950696
ERG,15.58719,6.8950696
OXTR,15.58719,6.8950696
SLC24A5,15.58719,6.8950696
DENND3,15.58719,6.8950696
SLC36A1,15.58719,6.8950696
NAMPT,15.58719,6.8950696
HSPBAP1,15.58719,6.8950696
SRR,15.58719,6.8950696
CATSPER3,15.58719,6.8950696
INHBE,15.58719,6.8950696
ARRB1,15.58719,6.8950696
PSKH1,15.58719,6.8950696
FOXR1,15.58719,6.8950696
RNF175,15.58719,6.8950696
SLC16A4,15.58719,6.8950696
OPHN1,15.58719,6.8950696
TENT5A,15.58719,6.8950696
GATA1,15.58719,6.8950696
PLEKHO2,15.58719,6.8950696
MIER3,15.58719,6.8950696
REPS2,15.58719,6.8950696
RIMKLB,15.58719,6.8950696
TSPAN15,15.58719,6.8950696
C1QTNF2,15.58719,6.8950696
PLPP1,15.58719,6.8950696
SAE1,15.58719,6.8950696
DAW1,15.58719,6.8950696
FEN1,15.58719,6.8950696
STK32A,15.58719,6.8950696
STXBP4,15.58719,6.8950696
BTNL9,15.58719,6.8950696
SERINC1,15.58719,6.8950696
ASCC1,15.58719,6.8950696
LOXHD1,15.58719,6.8950696
G6PC3,15.58719,6.8950696
MOB3C,15.58719,6.8950696
ATP6V0D1,15.58719,6.8950696
UBXN7,15.58719,6.8950696
DRD3,15.58719,6.8950696
DYNC1LI2,15.58719,6.8950696
BRD1,15.58719,6.8950696
PCDHB3,15.58719,6.8950696
HHEX,15.58719,6.8950696
CREB5,15.58719,6.8950696
CELF5,15.58719,6.8950696
NEUROD6,15.58719,6.8950696
ENPP1,15.58719,6.8950696
FRYL,15.58719,6.8950696
ZNF264,15.58719,6.8950696
SLC30A1,15.58719,6.8950696
ST6GAL2,15.58719,6.8950696
HAPLN1,15.58719,6.8950696
SAMD14,15.58719,6.8950696
ENPP4,15.58719,6.8950696
P3H4,15.58719,6.8950696
MAP7D3,15.58719,6.8950696
STAC3,15.58719,6.8950696
ZNF527,15.58719,6.8950696
EMX1,15.58719,6.8950696
SH3D21,15.58719,6.8950696
RGPD4,15.58719,6.8950696
MTCH2,15.58719,6.8950696
CTSE,15.58719,6.8950696
ZNF277,15.58719,6.8950696
TRIM4,15.58719,6.8950696
RPAP1,15.58719,6.8950696
VHL,15.58719,6.8950696
AZIN2,15.58719,6.8950696
RAB11A,15.58719,6.8950696
ARSB,15.58719,6.8950696
TTC21B,15.58719,6.8950696
ZNF132,15.58719,6.8950696
TAF9,15.58719,6.8950696
GALNTL5,15.58719,6.8950696
B3GNT6,15.58719,6.8950696
NXPE3,15.58719,6.8950696
UNC93A,15.58719,6.8950696
SPATA7,15.58719,6.8950696
METTL22,15.58719,6.8950696
DRGX,15.58719,6.8950696
KIF25,15.58719,6.8950696
GCM1,15.58719,6.8950696
TCERG1L,15.58719,6.8950696
RPS2,15.58719,6.8950696
MYCL,15.58719,6.8950696
MAN2A1,15.58719,6.8950696
LIG1,15.58719,6.8950696
ZNF675,15.58719,6.8950696
APOE,15.58719,6.8950696
NDUFA13,15.58719,6.8950696
LINGO4,15.58719,6.8950696
CACNG2,15.58719,6.8950696
RASSF1,15.58719,6.8950696
ZNF829,15.58719,6.8950696
CDK20,15.58719,6.8950696
POLE2,15.58719,6.8950696
UBE2Q2,15.58719,6.8950696
IKZF4,15.58719,6.8950696
HOXC10,15.58719,6.8950696
RNF2,15.58719,6.8950696
TXNDC16,15.58719,6.8950696
NKPD1,15.58719,6.8950696
HSF5,15.58719,6.8950696
VRK3,15.58719,6.8950696
ZNF33B,15.58719,6.8950696
HOXB1,15.58719,6.8950696
NMNAT3,15.58719,6.8950696
ENPP5,15.58719,6.8950696
DAB1,15.58719,6.8950696
GFAP,15.58719,6.8950696
OGFOD2,15.58719,6.8950696
CADM3,15.58719,6.8950696
MECR,15.58719,6.8950696
DDB2,15.58719,6.8950696
BCKDK,15.58719,6.8950696
PDE5A,15.58719,6.8950696
FIBP,15.58719,6.8950696
CELA2A,15.58719,6.8950696
GBX1,15.58719,6.8950696
TOR2A,15.58719,6.8950696
RAD51D,15.58719,6.8950696
GRWD1,15.58719,6.8950696
SLC25A21,15.58719,6.8950696
TBP,15.58719,6.8950696
RAB39A,15.58719,6.8950696
ABHD12,15.58719,6.8950696
PRSS35,15.58719,6.8950696
VIT,15.58719,6.8950696
RETREG3,15.58719,6.8950696
SPOCK1,15.58719,6.8950696
VMP1,15.58719,6.8950696
USP20,15.58719,6.8950696
PLEKHA2,15.58719,6.8950696
UST,15.58719,6.8950696
CTSS,15.58719,6.8950696
TUBB6,15.58719,6.8950696
STX3,15.58719,6.8950696
SSBP4,15.58719,6.8950696
DRD5,15.58719,6.8950696
HRC,15.58719,6.8950696
KDELC2,15.58719,6.8950696
ZNF613,15.58719,6.8950696
C2orf78,15.58719,6.8950696
PIGS,15.58719,6.8950696
KLHDC9,15.58719,6.8950696
FOXD4,15.58719,6.8950696
CASC4,15.58719,6.8950696
GOPC,15.58719,6.8950696
CRELD2,15.58719,6.8950696
C7orf31,15.58719,6.8950696
PRDM7,15.58719,6.8950696
NFKBIE,15.58719,6.8950696
CYFIP1,15.58719,6.8950696
EI24,15.58719,6.8950696
PPM1A,15.58719,6.8950696
ABHD2,15.58719,6.8950696
DLX6,15.58719,6.8950696
UFSP2,15.58719,6.8950696
EFNB2,15.58719,6.8950696
VRK1,15.58719,6.8950696
ZNF471,15.58719,6.8950696
FBXL6,15.58719,6.8950696
NSDHL,15.58719,6.8950696
CTD-3088G3.8,15.58719,6.8950696
REEP2,15.58719,6.8950696
GPR61,15.58719,6.8950696
CNOT9,15.58719,6.8950696
ANKRD16,15.58719,6.8950696
METTL4,15.58719,6.8950696
NKX6-2,15.58719,6.8950696
EHF,15.58719,6.8950696
CTSW,15.58719,6.8950696
RAPGEFL1,15.58719,6.8950696
TACR3,15.58719,6.8950696
PPP1R15B,15.58719,6.8950696
ZNF766,15.58719,6.8950696
MTG2,15.58719,6.8950696
MMP21,15.58719,6.8950696
ATP6AP1,15.58719,6.8950696
WDSUB1,15.58719,6.8950696
LMAN2,15.58719,6.8950696
UGT2A3,15.58719,6.8950696
RP11-723O4.6,15.58719,6.8950696
IFI16,15.58719,6.8950696
FSD1,15.58719,6.8950696
TRIM47,15.58719,6.8950696
FMO2,15.58719,6.8950696
CDC6,15.58719,6.8950696
RNPC3,15.58719,6.8950696
C1QTNF9B,15.58719,6.8950696
ZNF449,15.58719,6.8950696
GABPB1,15.58719,6.8950696
BOC,15.58719,6.8950696
TMCO6,15.58719,6.8950696
RNMT,15.58719,6.8950696
MPST,15.58719,6.8950696
FAM92A,15.58719,6.8950696
ATF7,15.58719,6.8950696
PROSER3,15.58719,6.8950696
HOXB2,15.58719,6.8950696
FN3K,15.58719,6.8950696
GSG1L,15.58719,6.8950696
MRM3,15.58719,6.8950696
ZNF324,15.58719,6.8950696
RIT1,15.58719,6.8950696
CYP20A1,15.58719,6.8950696
TANK,15.58719,6.8950696
CAMK1G,15.58719,6.8950696
MYH11,15.58719,6.8950696
AFM,15.58719,6.8950696
GPN3,15.58719,6.8950696
GPRASP2,15.58719,6.8950696
HMCES,15.58719,6.8950696
CSRNP2,15.58719,6.8950696
DDX53,15.58719,6.8950696
NAPG,15.58719,6.8950696
SH3GLB2,15.58719,6.8950696
ABHD3,15.58719,6.8950696
FDPS,15.58719,6.8950696
RPL7,15.58719,6.8950696
CFHR4,15.58719,6.8950696
ACTRT2,15.58719,6.8950696
CPN1,15.58719,6.8950696
HOMER1,15.58719,6.8950696
FASTKD2,15.58719,6.8950696
MCMDC2,15.58719,6.8950696
RIBC1,15.58719,6.8950696
DNAAF4,15.58719,6.8950696
SIGIRR,15.58719,6.8950696
AKAP8,15.58719,6.8950696
ANGPTL4,15.58719,6.8950696
UGP2,15.58719,6.8950696
PRPS1,15.58719,6.8950696
RFFL,15.58719,6.8950696
ZNF746,15.58719,6.8950696
GET4,15.58719,6.8950696
MARCH1,15.58719,6.8950696
KIAA1586,15.58719,6.8950696
BBS1,15.58719,6.8950696
MED26,15.58719,6.8950696
TRPV6,15.58719,6.8950696
PARP3,15.58719,6.8950696
GPR108,15.58719,6.8950696
CYP7A1,15.58719,6.8950696
PITPNM3,15.58719,6.8950696
MEX3A,15.58719,6.8950696
SHOC2,15.58719,6.8950696
CEP152,15.58719,6.8950696
FAM198A,15.58719,6.8950696
SMPD2,15.58719,6.8950696
CPB1,15.58719,6.8950696
PSTPIP2,15.58719,6.8950696
TBRG1,15.58719,6.8950696
TTLL10,15.58719,6.8950696
KDM4D,15.58719,6.8950696
CWC25,15.58719,6.8950696
MUM1L1,15.58719,6.8950696
SRSF5,15.58719,6.8950696
TMEM237,15.58719,6.8950696
POGK,15.58719,6.8950696
ACBD5,15.58719,6.8950696
WASF3,15.58719,6.8950696
GFRA1,15.58719,6.8950696
TMEM184C,15.58719,6.8950696
DBT,15.58719,6.8950696
POFUT1,15.58719,6.8950696
ATPAF2,15.58719,6.8950696
PDK4,15.58719,6.8950696
MIIP,15.58719,6.8950696
TCAIM,15.58719,6.8950696
RAB11B,15.58719,6.8950696
TMEM231,15.58719,6.8950696
LGALS3BP,15.58719,6.8950696
CAPNS1,15.58719,6.8950696
EIF2S2,15.58719,6.8950696
PIGW,15.58719,6.8950696
FBXO34,15.58719,6.8950696
ZNF567,15.58719,6.8950696
AMDHD1,15.58719,6.8950696
ATG4D,15.58719,6.8950696
TNNI1,15.58719,6.8950696
C17orf47,15.58719,6.8950696
THBD,15.58719,6.8950696
UTP14C,15.58719,6.8950696
OXSM,15.58719,6.8950696
SLX4,15.58719,6.8950696
NIPSNAP1,15.58719,6.8950696
LMBRD1,15.58719,6.8950696
AMN,15.58719,6.8950696
LRRTM1,15.58719,6.8950696
SLC25A40,15.58719,6.8950696
SLC25A33,15.58719,6.8950696
PRPSAP2,15.58719,6.8950696
NKX3-2,15.58719,6.8950696
HTR2A,15.58719,6.8950696
PRDM4,15.58719,6.8950696
TMEM79,15.58719,6.8950696
ZNF786,15.58719,6.8950696
MTDH,15.58719,6.8950696
TMPRSS11E,15.58719,6.8950696
ZSCAN31,15.58719,6.8950696
HYI,15.58719,6.8950696
DNAJC18,15.58719,6.8950696
MCM3AP,15.58719,6.8950696
TRIB3,15.58719,6.8950696
LRRD1,15.58719,6.8950696
FAM50A,15.58719,6.8950696
PI4K2B,15.58719,6.8950696
CASP2,15.58719,6.8950696
MVD,15.58719,6.8950696
ZBED5,15.58719,6.8950696
STK32B,15.58719,6.8950696
NAPA,15.58719,6.8950696
TRMT13,15.58719,6.8950696
CES1,15.58719,6.8950696
DAB2,15.58719,6.8950696
ZNF808,15.58719,6.8950696
OPN4,15.58719,6.8950696
GPR149,15.58719,6.8950696
FOXI1,15.58719,6.8950696
PCDHB16,15.58719,6.8950696
CD36,15.58719,6.8950696
RAB6A,15.58719,6.8950696
WIF1,15.58719,6.8950696
RNF180,15.58719,6.8950696
GABPA,15.58719,6.8950696
MLIP,15.58719,6.8950696
SYT6,15.58719,6.8950696
HOXA10,15.58719,6.8950696
B3GALT2,15.58719,6.8950696
TICAM1,15.58719,6.8950696
SLC39A5,15.58719,6.8950696
CACNG8,15.58719,6.8950696
NIPAL1,15.58719,6.8950696
ZNF653,15.58719,6.8950696
RELT,15.58719,6.8950696
FHOD3,15.58719,6.8950696
CCDC102B,15.58719,6.8950696
SASS6,15.58719,6.8950696
CHMP7,15.58719,6.8950696
FBXO46,15.58719,6.8950696
RPRD1B,15.58719,6.8950696
PCDHB10,15.58719,6.8950696
ACAT2,15.58719,6.8950696
CARD9,15.58719,6.8950696
B3GNTL1,15.58719,6.8950696
MMP13,15.58719,6.8950696
ZNF77,15.58719,6.8950696
NDRG2,15.58719,6.8950696
HOXB9,15.58719,6.8950696
RAB5C,15.58719,6.8950696
HRH3,15.58719,6.8950696
HTR1A,15.58719,6.8950696
FAM227B,15.58719,6.8950696
CENPT,15.58719,6.8950696
IP6K1,15.58719,6.8950696
CTSH,15.58719,6.8950696
STAG1,15.58719,6.8950696
CRK,15.58719,6.8950696
TACR1,15.58719,6.8950696
KM-PA-2,15.58719,6.8950696
HSD11B1L,15.58719,6.8950696
FUT7,15.58719,6.8950696
GFRA2,15.58719,6.8950696
TMEM120B,15.58719,6.8950696
GLYCTK,15.58719,6.8950696
PTPN3,15.58719,6.8950696
TFG,15.58719,6.8950696
NLRP1,15.58719,6.8950696
CDC25A,15.58719,6.8950696
SH3GL2,15.58719,6.8950696
GADL1,15.58719,6.8950696
RSRC1,15.58719,6.8950696
CLDN16,15.58719,6.8950696
SEPT2,15.58719,6.8950696
CYLD,15.58719,6.8950696
HACD3,15.58719,6.8950696
PIK3R6,15.58719,6.8950696
LAG3,15.58719,6.8950696
ZNF207,15.58719,6.8950696
RNF170,15.58719,6.8950696
CAGE1,15.58719,6.8950696
ZNF672,15.58719,6.8950696
CCDC62,15.58719,6.8950696
RAB15,15.58719,6.8950696
CERKL,15.58719,6.8950696
HIF1AN,15.58719,6.8950696
LRIT1,15.58719,6.8950696
NBEA,15.58719,6.8950696
SLC46A3,15.58719,6.8950696
ZDHHC23,15.58719,6.8950696
AURKB,15.58719,6.8950696
GJB6,15.58719,6.8950696
ZKSCAN3,15.58719,6.8950696
ISLR2,15.58719,6.8950696
PIGZ,15.58719,6.8950696
RAB26,15.58719,6.8950696
SLC13A5,15.58719,6.8950696
TCP11L2,15.58719,6.8950696
FAHD2A,15.58719,6.8950696
RAB25,15.58719,6.8950696
RRP36,15.58719,6.8950696
EPHX2,15.58719,6.8950696
METTL25,15.58719,6.8950696
PXYLP1,15.58719,6.8950696
AGMAT,15.58719,6.8950696
PSMD13,15.58719,6.8950696
STAG3,15.58719,6.8950696
PPP1CC,15.58719,6.8950696
SCRN2,15.58719,6.8950696
PPP1R15A,15.58719,6.8950696
SLC16A5,15.58719,6.8950696
PCYOX1,15.58719,6.8950696
DPYSL3,15.58719,6.8950696
NTF3,15.58719,6.8950696
PNPO,15.58719,6.8950696
ELF2,15.58719,6.8950696
XK,15.58719,6.8950696
TNIP2,15.58719,6.8950696
DLX5,15.58719,6.8950696
AQP3,15.58719,6.8950696
RDH10,15.58719,6.8950696
FAM49A,15.58719,6.8950696
ARAF,15.58719,6.8950696
ATP9A,15.58719,6.8950696
PASD1,15.58719,6.8950696
ZNF582,15.58719,6.8950696
HTATSF1,15.58719,6.8950696
RINL,15.58719,6.8950696
TRMT5,15.58719,6.8950696
KIAA2012,15.58719,6.8950696
SMC6,15.58719,6.8950696
PIAS4,15.58719,6.8950696
LSM14A,15.58719,6.8950696
FSCN1,15.58719,6.8950696
CASS4,15.58719,6.8950696
REXO5,15.58719,6.8950696
ZNF365,15.58719,6.8950696
SLC16A8,15.58719,6.8950696
HAO2,15.58719,6.8950696
IL1RAPL2,15.58719,6.8950696
MYOT,15.58719,6.8950696
DCAF8L1,15.58719,6.8950696
CLVS2,15.58719,6.8950696
ENO4,15.58719,6.8950696
WEE2,15.58719,6.8950696
BHLHE23,15.58719,6.8950696
ARHGAP40,15.58719,6.8950696
NIPA1,15.58719,6.8950696
MTHFSD,15.58719,6.8950696
SYNC,15.58719,6.8950696
GBP5,15.58719,6.8950696
EDNRA,15.58719,6.8950696
APOBEC3F,15.58719,6.8950696
ZNF704,15.58719,6.8950696
CLIC5,15.58719,6.8950696
BAIAP2L2,15.58719,6.8950696
UBIAD1,15.58719,6.8950696
LRRC43,15.58719,6.8950696
CAST,15.58719,6.8950696
ZNF24,15.58719,6.8950696
PRMT1,15.58719,6.8950696
FBXO5,15.58719,6.8950696
GBP4,15.58719,6.8950696
ELF3,15.58719,6.8950696
R3HCC1L,15.58719,6.8950696
SCN1B,15.58719,6.8950696
PLEKHB2,15.58719,6.8950696
ZNF397,15.58719,6.8950696
ATP6V1A,15.58719,6.8950696
DSEL,15.58719,6.8950696
SMOC1,15.58719,6.8950696
SEMA6C,15.58719,6.8950696
UCP1,15.58719,6.8950696
GP6,15.58719,6.8950696
ASAP2,15.58719,6.8950696
MYD88,15.58719,6.8950696
RBMS1,15.58719,6.8950696
NYX,15.58719,6.8950696
CCDC185,15.58719,6.8950696
PITPNC1,15.58719,6.8950696
CACNB2,15.58719,6.8950696
LASP1,15.58719,6.8950696
BROX,15.58719,6.8950696
RAE1,15.58719,6.8950696
HAPLN4,15.58719,6.8950696
ZNF283,15.58719,6.8950696
SHB,15.58719,6.8950696
ANGPT4,15.58719,6.8950696
NOC4L,15.58719,6.8950696
STRN,15.58719,6.8950696
TRAM1,15.58719,6.8950696
ZNF665,15.58719,6.8950696
TAPBPL,15.58719,6.8950696
GJD3,15.58719,6.8950696
EIF3E,15.58719,6.8950696
ERICH6,15.58719,6.8950696
LMOD3,15.58719,6.8950696
CYP3A7,15.58719,6.8950696
RHO,15.58719,6.8950696
DBNL,15.58719,6.8950696
ATP6V1D,15.58719,6.8950696
IRAK3,15.58719,6.8950696
FAM222B,15.58719,6.8950696
ZNF394,15.58719,6.8950696
UBR1,15.58719,6.8950696
EHBP1L1,15.58719,6.8950696
WAPL,15.58719,6.8950696
KLHDC7B,15.58719,6.8950696
HOXA4,15.58719,6.8950696
HIRIP3,15.58719,6.8950696
ZNF750,15.58719,6.8950696
GDF7,15.58719,6.8950696
ACP5,15.58719,6.8950696
RHBG,15.58719,6.8950696
PARP15,15.58719,6.8950696
CHST10,15.58719,6.8950696
SLC6A3,15.58719,6.8950696
TRIM16,15.58719,6.8950696
RSAD1,15.58719,6.8950696
ETNK2,15.58719,6.8950696
FCRL5,15.58719,6.8950696
NDUFAF6,15.58719,6.8950696
VSX1,15.58719,6.8950696
SNRNP40,15.58719,6.8950696
DHPS,15.58719,6.8950696
SEPT3,15.58719,6.8950696
NDUFAF5,15.58719,6.8950696
MORN1,15.58719,6.8950696
MMP11,15.58719,6.8950696
NBEAL2,15.58719,6.8950696
RMDN2,15.58719,6.8950696
TSC22D2,15.58719,6.8950696
ST6GALNAC1,15.58719,6.8950696
CRTAP,15.58719,6.8950696
MAP2K3,15.58719,6.8950696
CDC123,15.58719,6.8950696
ARAP3,15.58719,6.8950696
SLC8A3,15.58719,6.8950696
EYA1,15.58719,6.8950696
RBAK,15.58719,6.8950696
SH2B2,15.58719,6.8950696
RIPK3,15.58719,6.8950696
TDG,15.58719,6.8950696
LRIG3,15.58719,6.8950696
TRAIP,15.58719,6.8950696
NOG,15.58719,6.8950696
DNAJC28,15.58719,6.8950696
CCDC155,15.58719,6.8950696
ALLC,15.58719,6.8950696
TRMT12,15.58719,6.8950696
PGAM1,15.58719,6.8950696
SBDS,15.58719,6.8950696
SNX33,15.58719,6.8950696
SURF1,15.58719,6.8950696
FAM43A,15.58719,6.8950696
TMEM184A,15.58719,6.8950696
PSRC1,15.58719,6.8950696
SH3GL3,15.58719,6.8950696
DLX2,15.58719,6.8950696
NEUROD1,15.58719,6.8950696
SPATS2L,15.58719,6.8950696
SQOR,15.58719,6.8950696
RNF214,15.58719,6.8950696
TPRA1,15.58719,6.8950696
SLC18B1,15.58719,6.8950696
ZACN,15.58719,6.8950696
ILF2,15.58719,6.8950696
AQP2,15.58719,6.8950696
IRAK4,15.58719,6.8950696
HTR4,15.58719,6.8950696
M1AP,15.58719,6.8950696
MARCH4,15.58719,6.8950696
C6orf222,15.58719,6.8950696
PDXK,15.58719,6.8950696
IVL,15.58719,6.8950696
ECI1,15.58719,6.8950696
SLC25A36,15.58719,6.8950696
POLD3,15.58719,6.8950696
OSGEP,15.58719,6.8950696
UBR7,15.58719,6.8950696
CNST,15.58719,6.8950696
IFRD1,15.58719,6.8950696
GRM7,15.58719,6.8950696
ZNF148,15.58719,6.8950696
ZNF565,15.58719,6.8950696
MLST8,15.58719,6.8950696
AP3B1,15.58719,6.8950696
ZNF614,15.58719,6.8950696
GLT1D1,15.58719,6.8950696
ERICH6B,15.58719,6.8950696
PAX6,15.58719,6.8950696
MRPL43,15.58719,6.8950696
SLCO1A2,15.58719,6.8950696
FOSL1,15.58719,6.8950696
CD37,15.58719,6.8950696
CELF1,15.58719,6.8950696
MDH2,15.58719,6.8950696
EPM2AIP1,15.58719,6.8950696
RNF121,15.58719,6.8950696
QRFPR,15.58719,6.8950696
CPA3,15.58719,6.8950696
ZNF607,15.58719,6.8950696
PCDHB2,15.58719,6.8950696
NSMCE4A,15.58719,6.8950696
FUT1,15.58719,6.8950696
METTL15,15.58719,6.8950696
ANKRD34A,15.58719,6.8950696
GRIN3A,15.58719,6.8950696
FUT11,15.58719,6.8950696
CLDN10,15.58719,6.8950696
TEDC1,15.58719,6.8950696
PACSIN3,15.58719,6.8950696
ADRA2A,15.58719,6.8950696
WDFY2,15.58719,6.8950696
ZNF564,15.58719,6.8950696
TIAL1,15.58719,6.8950696
NDUFS3,15.58719,6.8950696
ADRA2B,15.58719,6.8950696
GPC3,15.58719,6.8950696
DCK,15.58719,6.8950696
WASF2,15.58719,6.8950696
CRBN,15.58719,6.8950696
FHL1,15.58719,6.8950696
RIPK2,15.58719,6.8950696
GPR137,15.58719,6.8950696
CYP2C8,15.58719,6.8950696
GAMT,15.58719,6.8950696
MCU,15.58719,6.8950696
CYP39A1,15.58719,6.8950696
ZNF41,15.58719,6.8950696
RTCA,15.58719,6.8950696
ZNF569,15.58719,6.8950696
SPTAN1,15.58719,6.8950696
PTGER3,15.58719,6.8950696
FOXK2,15.58719,6.8950696
MXRA8,15.58719,6.8950696
SERINC2,15.58719,6.8950696
ZNF616,15.58719,6.8950696
RBM46,15.58719,6.8950696
ZDHHC6,15.58719,6.8950696
CLCC1,15.58719,6.8950696
NAGPA,15.58719,6.8950696
ZNF528,15.58719,6.8950696
MRPS30,15.58719,6.8950696
PTBP1,15.58719,6.8950696
FLI1,15.58719,6.8950696
SIGLEC12,15.58719,6.8950696
TBC1D24,15.58719,6.8950696
PEX13,15.58719,6.8950696
POLDIP3,15.58719,6.8950696
SLC16A7,15.58719,6.8950696
C17orf53,15.58719,6.8950696
RIOK2,15.58719,6.8950696
POLD2,15.58719,6.8950696
FSD1L,15.58719,6.8950696
SETD4,15.58719,6.8950696
CTSD,15.58719,6.8950696
LILRB3,15.58719,6.8950696
RAVER1,15.58719,6.8950696
CCDC141,15.58719,6.8950696
CHADL,15.58719,6.8950696
AUH,15.58719,6.8950696
SLC16A10,15.58719,6.8950696
SLC28A2,15.58719,6.8950696
SLC22A10,15.58719,6.8950696
VPS26B,15.58719,6.8950696
ITGAL,15.58719,6.8950696
CHST12,15.58719,6.8950696
CREB1,15.58719,6.8950696
TBCB,15.58719,6.8950696
ADRA1D,15.58719,6.8950696
YTHDF2,15.58719,6.8950696
NUDC,15.58719,6.8950696
KIAA0391,15.58719,6.8950696
SPOP,15.58719,6.8950696
MYBPC3,15.58719,6.8950696
LRRIQ3,15.58719,6.8950696
ACCSL,15.58719,6.8950696
CYP3A4,15.58719,6.8950696
ABLIM3,15.58719,6.8950696
HRH1,15.58719,6.8950696
LOXL2,15.58719,6.8950696
CRYBB1,15.58719,6.8950696
PRKCE,15.58719,6.8950696
WNT8A,15.58719,6.8950696
PRPH2,15.58719,6.8950696
TMX3,15.58719,6.8950696
RBM4,15.58719,6.8950696
CARF,15.58719,6.8950696
TOX4,15.58719,6.8950696
EXOSC4,15.58719,6.8950696
MGAT4C,15.58719,6.8950696
BAG4,15.58719,6.8950696
SLC25A4,15.58719,6.8950696
COL23A1,15.58719,6.8950696
MNS1,15.58719,6.8950696
KSR1,15.58719,6.8950696
RGP1,15.58719,6.8950696
NUP43,15.58719,6.8950696
NKX6-1,15.58719,6.8950696
RBMXL1,15.58719,6.8950696
CCDC51,15.58719,6.8950696
PRSS33,15.58719,6.8950696
ZNF225,15.58719,6.8950696
SLC25A32,15.58719,6.8950696
MNX1,15.58719,6.8950696
ETNK1,15.58719,6.8950696
NIT2,15.58719,6.8950696
DGAT2,15.58719,6.8950696
TRAFD1,15.58719,6.8950696
GIT2,15.58719,6.8950696
SS18L1,15.58719,6.8950696
CLVS1,15.58719,6.8950696
RASSF5,15.58719,6.8950696
TCFL5,15.58719,6.8950696
CDK11A,15.58719,6.8950696
BMT2,15.58719,6.8950696
ELANE,15.58719,6.8950696
HNRNPA2B1,15.58719,6.8950696
AK2,15.58719,6.8950696
CCDC85A,15.58719,6.8950696
HOXA6,15.58719,6.8950696
SERPINF1,15.58719,6.8950696
ZNF84,15.58719,6.8950696
ASCL1,15.58719,6.8950696
CCDC7,15.58719,6.8950696
FDXACB1,15.58719,6.8950696
B3GAT3,15.58719,6.8950696
ACMSD,15.58719,6.8950696
TENT4A,15.58719,6.8950696
PELI1,15.58719,6.8950696
CCDC148,15.58719,6.8950696
DAPK3,15.58719,6.8950696
TMEM39A,15.58719,6.8950696
HSD17B10,15.58719,6.8950696
DMC1,15.58719,6.8950696
ERLIN1,15.58719,6.8950696
EGLN2,15.58719,6.8950696
NTN5,15.58719,6.8950696
CLIC6,15.58719,6.8950696
GC,15.58719,6.8950696
ACP2,15.58719,6.8950696
PPME1,15.58719,6.8950696
SRRM3,15.58719,6.8950696
ZSCAN2,15.58719,6.8950696
CDK14,15.58719,6.8950696
KMO,15.58719,6.8950696
ASPG,15.58719,6.8950696
VRK2,15.58719,6.8950696
ZNF774,15.58719,6.8950696
SH2D4B,15.58719,6.8950696
LTN1,15.58719,6.8950696
LARP7,15.58719,6.8950696
PEX12,15.58719,6.8950696
LBX2,15.58719,6.8950696
HOXD10,15.58719,6.8950696
NSUN7,15.58719,6.8950696
NAB1,15.58719,6.8950696
EMILIN3,15.58719,6.8950696
ZBTB42,15.58719,6.8950696
KRT20,15.58719,6.8950696
TEAD4,15.58719,6.8950696
UCHL5,15.58719,6.8950696
PDZD7,15.58719,6.8950696
PNPLA1,15.58719,6.8950696
NCOA2,15.58719,6.8950696
ZBTB8A,15.58719,6.8950696
SLC1A4,15.58719,6.8950696
NRL,15.58719,6.8950696
NOSTRIN,15.58719,6.8950696
RPIA,15.58719,6.8950696
HOXC13,15.58719,6.8950696
STK24,15.58719,6.8950696
VIRMA,15.58719,6.8950696
KLK11,15.58719,6.8950696
CHST13,15.58719,6.8950696
MEX3D,15.58719,6.8950696
DYNC1LI1,15.58719,6.8950696
RPL10,15.58719,6.8950696
HOMER3,15.58719,6.8950696
ABCD2,15.58719,6.8950696
VRTN,15.58719,6.8950696
MKKS,15.58719,6.8950696
CARS2,15.58719,6.8950696
CPPED1,15.58719,6.8950696
SPRYD3,15.58719,6.8950696
ELFN2,15.58719,6.8950696
POU4F1,15.58719,6.8950696
CDK6,15.58719,6.8950696
FBLIM1,15.58719,6.8950696
LRRC40,15.58719,6.8950696
KLHDC1,15.58719,6.8950696
LOX,15.58719,6.8950696
PBXIP1,15.58719,6.8950696
FBXW4,15.58719,6.8950696
NEK7,15.58719,6.8950696
KIN,15.58719,6.8950696
SGCB,15.58719,6.8950696
WIPI1,15.58719,6.8950696
ZNF334,15.58719,6.8950696
FMO3,15.58719,6.8950696
HMX1,15.58719,6.8950696
WDR5,15.58719,6.8950696
CCDC110,15.58719,6.8950696
ZNF189,15.58719,6.8950696
UCP3,15.58719,6.8950696
CTU2,15.58719,6.8950696
PCDHB14,15.58719,6.8950696
RRN3,15.58719,6.8950696
PKMYT1,15.58719,6.8950696
ITGAM,15.58719,6.8950696
PREB,15.58719,6.8950696
TOE1,15.58719,6.8950696
CYP19A1,15.58719,6.8950696
SERINC4,15.58719,6.8950696
CREBRF,15.58719,6.8950696
CFAP47,15.58719,6.8950696
ASAP1,15.58719,6.8950696
KRT86,15.58719,6.8950696
NFYA,15.58719,6.8950696
ZNF470,15.58719,6.8950696
EPM2A,15.58719,6.8950696
STOM,15.58719,6.8950696
MSX1,15.58719,6.8950696
COPS5,15.58719,6.8950696
LSM14B,15.58719,6.8950696
CBLL1,15.58719,6.8950696
HLX,15.58719,6.8950696
ERLIN2,15.58719,6.8950696
IGSF11,15.58719,6.8950696
DNAJB12,15.58719,6.8950696
KIF24,15.58719,6.8950696
ARL6IP4,15.58719,6.8950696
APEX2,15.58719,6.8950696
FBP1,15.58719,6.8950696
VSIG10L,15.58719,6.8950696
ASB10,15.58719,6.8950696
CYP2B6,15.58719,6.8950696
ZNF816,15.58719,6.8950696
ORC4,15.58719,6.8950696
TNNI3,15.58719,6.8950696
ZNF347,15.58719,6.8950696
ELOVL5,15.58719,6.8950696
CRYL1,15.58719,6.8950696
PHOX2A,15.58719,6.8950696
HOXA9,15.58719,6.8950696
PTOV1,15.58719,6.8950696
PRMT8,15.58719,6.8950696
CLCNKA,15.58719,6.8950696
RRP1,15.58719,6.8950696
GNL3,15.58719,6.8950696
ADGRF2,15.58719,6.8950696
FOXB2,15.58719,6.8950696
CASQ2,15.58719,6.8950696
ZNF442,15.58719,6.8950696
DCP2,15.58719,6.8950696
DLX1,15.58719,6.8950696
MAGEC3,15.58719,6.8950696
RAB36,15.58719,6.8950696
SRSF1,15.58719,6.8950696
PPP4C,15.58719,6.8950696
TMEM68,15.58719,6.8950696
LRRC6,15.58719,6.8950696
PPP1CB,15.58719,6.8950696
KRT38,15.58719,6.8950696
TRAF3IP2,15.58719,6.8950696
ELP4,15.58719,6.8950696
ZNF317,15.58719,6.8950696
KRT40,15.58719,6.8950696
CYP3A5,15.58719,6.8950696
EIF3I,15.58719,6.8950696
UPRT,15.58719,6.8950696
FAM227A,15.58719,6.8950696
PTPA,15.58719,6.8950696
PPP1CA,15.58719,6.8950696
PNPLA5,15.58719,6.8950696
RRM1,15.58719,6.8950696
CHD5,15.58719,6.8950696
SMPDL3A,15.58719,6.8950696
SCEL,15.58719,6.8950696
CYP2E1,15.58719,6.8950696
CTRC,15.58719,6.8950696
SLC16A14,15.58719,6.8950696
ZNF281,15.58719,6.8950696
ZCCHC14,15.58719,6.8950696
SHC3,15.58719,6.8950696
ENTPD5,15.58719,6.8950696
TP53BP2,15.58719,6.8950696
SEPT12,15.58719,6.8950696
RAD54B,15.58719,6.8950696
BAIAP2,15.58719,6.8950696
FLVCR2,15.58719,6.8950696
PPM1B,15.58719,6.8950696
RGS12,15.58719,6.8950696
ISM1,15.58719,6.8950696
ASPSCR1,15.58719,6.8950696
CCDC78,15.58719,6.8950696
GGA2,15.58719,6.8950696
PRSS56,15.58719,6.8950696
C1QTNF4,15.58719,6.8950696
SLC25A17,15.58719,6.8950696
CEP55,15.58719,6.8950696
ZNF426,15.58719,6.8950696
ZGPAT,15.58719,6.8950696
SMTNL2,15.58719,6.8950696
TTLL8,15.58719,6.8950696
KDM5C,15.58719,6.8950696
PLEKHM3,15.58719,6.8950696
BAZ1A,15.58719,6.8950696
HNRNPH1,15.58719,6.8950696
ADIPOR2,15.58719,6.8950696
ADGRB2,15.58719,6.8950696
PSAT1,15.58719,6.8950696
DNAJB14,15.58719,6.8950696
ISPD,15.58719,6.8950696
ZNF48,15.58719,6.8950696
ZDHHC7,15.58719,6.8950696
MAPK14,15.58719,6.8950696
RASGEF1A,15.58719,6.8950696
FGF13,15.58719,6.8950696
TYMS,15.58719,6.8950696
ORC2,15.58719,6.8950696
CDK2,15.58719,6.8950696
ADGRE3,15.58719,6.8950696
ENDOV,15.58719,6.8950696
ROS1,15.58719,6.8950696
ARSG,15.58719,6.8950696
ATG4C,15.58719,6.8950696
GPM6A,15.58719,6.8950696
PLEKHD1,15.58719,6.8950696
BDNF,15.58719,6.8950696
KIAA1211L,15.58719,6.8950696
IL18RAP,15.58719,6.8950696
LY9,15.58719,6.8950696
MAEL,15.58719,6.8950696
ATP11C,15.58719,6.8950696
ZFP82,15.58719,6.8950696
DLST,15.58719,6.8950696
FRMD1,15.58719,6.8950696
TTLL11,15.58719,6.8950696
OXA1L,15.58719,6.8950696
CCDC17,15.58719,6.8950696
SLC35C2,15.58719,6.8950696
GYG1,15.58719,6.8950696
IL2RB,15.58719,6.8950696
C4BPA,15.58719,6.8950696
FAM71E2,15.58719,6.8950696
TIMM50,15.58719,6.8950696
C5orf34,15.58719,6.8950696
ZNF770,15.58719,6.8950696
TRAF4,15.58719,6.8950696
CNGA2,15.58719,6.8950696
ZNF518B,15.58719,6.8950696
PAPOLB,15.58719,6.8950696
LSS,15.58719,6.8950696
TMEM181,15.58719,6.8950696
NOCT,15.58719,6.8950696
TFEC,15.58719,6.8950696
RBMXL2,15.58719,6.8950696
HMMR,15.58719,6.8950696
ZNF563,15.58719,6.8950696
TMCC3,15.58719,6.8950696
CNP,15.58719,6.8950696
ADGRF4,15.58719,6.8950696
RNF168,15.58719,6.8950696
FOXA1,15.58719,6.8950696
SOX18,15.58719,6.8950696
ZNF839,15.58719,6.8950696
RNFT2,15.58719,6.8950696
ADGRL4,15.58719,6.8950696
MYNN,15.58719,6.8950696
GPATCH2,15.58719,6.8950696
KLK8,15.58719,6.8950696
IRX2,15.58719,6.8950696
SPNS1,15.58719,6.8950696
TTYH3,15.58719,6.8950696
SOX14,15.58719,6.8950696
SP1,15.58719,6.8950696
HNRNPH3,15.58719,6.8950696
GNB3,15.58719,6.8950696
PRB2,15.58719,6.8950696
ZNF236,15.58719,6.8950696
NDEL1,15.58719,6.8950696
RASD1,15.58719,6.8950696
SUN5,15.58719,6.8950696
B4GALNT2,15.58719,6.8950696
ANXA7,15.58719,6.8950696
INHBB,15.58719,6.8950696
HSD17B6,15.58719,6.8950696
DNAJC25,15.58719,6.8950696
E2F4,15.58719,6.8950696
ZNF384,15.58719,6.8950696
NARF,15.58719,6.8950696
CWF19L1,15.58719,6.8950696
DLK2,15.58719,6.8950696
YTHDF1,15.58719,6.8950696
HOXD13,15.58719,6.8950696
MSI2,15.58719,6.8950696
EN2,15.58719,6.8950696
LHX8,15.58719,6.8950696
ADGRG7,15.58719,6.8950696
ZNF880,15.58719,6.8950696
CYR61,15.58719,6.8950696
RABEP2,15.58719,6.8950696
CALR3,15.58719,6.8950696
TRIM7,15.58719,6.8950696
MAP2K4,15.58719,6.8950696
SLTM,15.58719,6.8950696
PRIMPOL,15.58719,6.8950696
ZNF221,15.58719,6.8950696
CATSPERE,15.58719,6.8950696
TUSC3,15.58719,6.8950696
ZSCAN32,15.58719,6.8950696
TRPM6,15.58719,6.8950696
RDH13,15.58719,6.8950696
CR1L,15.58719,6.8950696
MRPL37,15.58719,6.8950696
CXADR,15.58719,6.8950696
HS3ST4,15.58719,6.8950696
PLPP4,15.58719,6.8950696
PGBD1,15.58719,6.8950696
EIF2AK3,15.58719,6.8950696
HS3ST6,15.58719,6.8950696
HTR2B,15.58719,6.8950696
PHF6,15.58719,6.8950696
NECTIN4,15.58719,6.8950696
ZNF175,15.58719,6.8950696
ACTL9,15.58719,6.8950696
PNCK,15.58719,6.8950696
TK2,15.58719,6.8950696
SLC25A18,15.58719,6.8950696
CHMP1A,15.58719,6.8950696
UBA5,15.58719,6.8950696
GOLPH3L,15.58719,6.8950696
SPAG8,15.58719,6.8950696
WSB1,15.58719,6.8950696
GXYLT2,15.58719,6.8950696
TBKBP1,15.58719,6.8950696
FNTA,15.58719,6.8950696
SLC38A4,15.58719,6.8950696
PRG4,15.58719,6.8950696
ZNF433,15.58719,6.8950696
RGPD3,15.58719,6.8950696
ZNF446,15.58719,6.8950696
DMKN,15.58719,6.8950696
CRTC3,15.58719,6.8950696
PAICS,15.58719,6.8950696
SP140L,15.58719,6.8950696
ZNF530,15.58719,6.8950696
AMACR,15.58719,6.8950696
MAPRE2,15.58719,6.8950696
PEX7,15.58719,6.8950696
NKD2,15.58719,6.8950696
NPAS4,15.58719,6.8950696
ATAD3B,15.58719,6.8950696
PPP2R2A,15.58719,6.8950696
LAMB4,15.58719,6.8950696
SOBP,15.58719,6.8950696
RNASEL,15.58719,6.8950696
BUB3,15.58719,6.8950696
PTPN18,15.58719,6.8950696
RMDN3,15.58719,6.8950696
PSIP1,15.58719,6.8950696
ZNF182,15.58719,6.8950696
WASF1,15.58719,6.8950696
DHRS11,15.58719,6.8950696
ARL13B,15.58719,6.8950696
NMD3,15.58719,6.8950696
ARG2,15.58719,6.8950696
GJB1,15.58719,6.8950696
PRRG3,15.58719,6.8950696
PDP1,15.58719,6.8950696
ADRA1A,15.58719,6.8950696
EIF4A2,15.58719,6.8950696
GPATCH8,15.58719,6.8950696
LRRTM4,15.58719,6.8950696
RTL9,15.58719,6.8950696
RBM17,15.58719,6.8950696
FAM171A2,15.58719,6.8950696
SLC52A3,15.58719,6.8950696
DTX3L,15.58719,6.8950696
NSUN4,15.58719,6.8950696
ERLEC1,15.58719,6.8950696
PGAM2,15.58719,6.8950696
ARNTL2,15.58719,6.8950696
MDH1,15.58719,6.8950696
GNAT3,15.58719,6.8950696
SCML2,15.58719,6.8950696
CCNA1,15.58719,6.8950696
KRT74,15.58719,6.8950696
NEDD1,15.58719,6.8950696
G6PC,15.58719,6.8950696
PRSS16,15.58719,6.8950696
AP3M1,15.58719,6.8950696
POC1A,15.58719,6.8950696
ZNF778,15.58719,6.8950696
SLC7A14,15.58719,6.8950696
UGCG,15.58719,6.8950696
GZF1,15.58719,6.8950696
FYB1,15.58719,6.8950696
HIVEP2,15.58719,6.8950696
SLC25A14,15.58719,6.8950696
RABGEF1,15.58719,6.8950696
ZNF777,15.58719,6.8950696
CNNM3,15.58719,6.8950696
QTRT2,15.58719,6.8950696
DHRS3,15.58719,6.8950696
CDCA7,15.58719,6.8950696
SNX17,15.58719,6.8950696
SGK2,15.58719,6.8950696
ZNF700,15.58719,6.8950696
TDP2,15.58719,6.8950696
ZMYM5,15.58719,6.8950696
FAAP100,15.58719,6.8950696
UCK1,15.58719,6.8950696
CPB2,15.58719,6.8950696
KLHDC4,15.58719,6.8950696
FAM135A,15.58719,6.8950696
LIPK,15.58719,6.8950696
ALX1,15.58719,6.8950696
C17orf50,15.58719,6.8950696
BCAT2,15.58719,6.8950696
MPG,15.58719,6.8950696
FBXO7,15.58719,6.8950696
MTMR9,15.58719,6.8950696
PCOLCE2,15.58719,6.8950696
HOXB5,15.58719,6.8950696
BAIAP2L1,15.58719,6.8950696
ASTE1,15.58719,6.8950696
WIPI2,15.58719,6.8950696
CLDN18,15.58719,6.8950696
ZNF7,15.58719,6.8950696
NAAA,15.58719,6.8950696
PADI3,15.58719,6.8950696
RSAD2,15.58719,6.8950696
VASN,15.58719,6.8950696
ZIC4,15.58719,6.8950696
GPATCH3,15.58719,6.8950696
ZNF274,15.58719,6.8950696
NDUFS8,15.58719,6.8950696
ARHGAP19,15.58719,6.8950696
WDR12,15.58719,6.8950696
SLC25A34,15.58719,6.8950696
UQCC1,15.58719,6.8950696
SHPK,15.58719,6.8950696
MDM2,15.58719,6.8950696
SLC17A2,15.58719,6.8950696
CD2AP,15.58719,6.8950696
HOXC4,15.58719,6.8950696
SUGP1,15.58719,6.8950696
GCC1,15.58719,6.8950696
BARHL2,15.58719,6.8950696
SNTG2,15.58719,6.8950696
NEIL1,15.58719,6.8950696
ZNF169,15.58719,6.8950696
LIPM,15.58719,6.8950696
SGMS2,15.58719,6.8950696
CLMP,15.58719,6.8950696
ASAH1,15.58719,6.8950696
LRRC8E,15.58719,6.8950696
CA11,15.58719,6.8950696
BBS9,15.58719,6.8950696
ARID3A,15.58719,6.8950696
SOCS4,15.58719,6.8950696
RBBP7,15.58719,6.8950696
BEST2,15.58719,6.8950696
B4GALNT4,15.58719,6.8950696
RPS6KB2,15.58719,6.8950696
DCLK3,15.58719,6.8950696
PTF1A,15.58719,6.8950696
CDH6,15.58719,6.8950696
PDX1,15.58719,6.8950696
CDHR5,15.58719,6.8950696
DHRS1,15.58719,6.8950696
CYP2S1,15.58719,6.8950696
BECN1,15.58719,6.8950696
C16orf58,15.58719,6.8950696
ADAM30,15.58719,6.8950696
GBP2,15.58719,6.8950696
TMPRSS4,15.58719,6.8950696
GLIS1,15.58719,6.8950696
FBXW9,15.58719,6.8950696
DDIAS,15.58719,6.8950696
MAPKAPK2,15.58719,6.8950696
DYRK4,15.58719,6.8950696
COPS4,15.58719,6.8950696
HPSE,15.58719,6.8950696
PPP2R2C,15.58719,6.8950696
RANGAP1,15.58719,6.8950696
NEU2,15.58719,6.8950696
NNT,15.58719,6.8950696
LDHA,15.58719,6.8950696
EXOSC9,15.58719,6.8950696
ATP6V1C2,15.58719,6.8950696
CCDC151,15.58719,6.8950696
MSL1,15.58719,6.8950696
NPRL2,15.58719,6.8950696
BZW2,15.58719,6.8950696
FANCG,15.58719,6.8950696
ARMC9,15.58719,6.8950696
CDK5R2,15.58719,6.8950696
DZIP1L,15.58719,6.8950696
SLC17A5,15.58719,6.8950696
RLBP1,15.58719,6.8950696
MESP2,15.58719,6.8950696
TOLLIP,15.58719,6.8950696
ADAMTS6,15.58719,6.8950696
MICALCL,15.58719,6.8950696
HACL1,15.58719,6.8950696
CFHR5,15.58719,6.8950696
GPR22,15.58719,6.8950696
KIAA1147,15.58719,6.8950696
RAB3IP,15.58719,6.8950696
RBM44,15.58719,6.8950696
RAB40C,15.58719,6.8950696
SEH1L,15.58719,6.8950696
DNAJA1,15.58719,6.8950696
CATSPERD,15.58719,6.8950696
HOXC12,15.58719,6.8950696
OGFOD1,15.58719,6.8950696
CASP10,15.58719,6.8950696
OLFM4,15.58719,6.8950696
SHROOM1,15.58719,6.8950696
IBA57,15.58719,6.8950696
EMX2,15.58719,6.8950696
ZNF484,15.58719,6.8950696
BPIFB4,15.58719,6.8950696
DNAJB11,15.58719,6.8950696
PCDHGA4,15.58719,6.8950696
RBFOX2,15.58719,6.8950696
LMOD1,15.58719,6.8950696
WFIKKN1,15.58719,6.8950696
TMEM168,15.58719,6.8950696
ZNF354B,15.58719,6.8950696
RRAD,15.58719,6.8950696
HMGCLL1,15.58719,6.8950696
GPR162,15.58719,6.8950696
FAM234A,15.58719,6.8950696
MAGED1,15.58719,6.8950696
WDR3,15.58719,6.8950696
ICA1L,15.58719,6.8950696
TRMT10A,15.58719,6.8950696
PLA2G4C,15.58719,6.8950696
CAMKV,15.58719,6.8950696
SLC27A6,15.58719,6.8950696
DENND2D,15.58719,6.8950696
CEP170,15.58719,6.8950696
GPRC5C,15.58719,6.8950696
CAMK1,15.58719,6.8950696
FBP2,15.58719,6.8950696
ZNF267,15.58719,6.8950696
HADHA,15.58719,6.8950696
MIOX,15.58719,6.8950696
ZNF627,15.58719,6.8950696
ZNF12,15.58719,6.8950696
RAB34,15.58719,6.8950696
BCLAF3,15.58719,6.8950696
MRPL4,15.58719,6.8950696
THRA,15.58719,6.8950696
IGFALS,15.58719,6.8950696
RNF44,15.58719,6.8950696
TTI2,15.58719,6.8950696
EXOC3,15.58719,6.8950696
ATXN1L,15.58719,6.8950696
PIGA,15.58719,6.8950696
TMEM183A,15.58719,6.8950696
TCP11L1,15.58719,6.8950696
ZIC1,15.58719,6.8950696
HAT1,15.58719,6.8950696
GABRR2,15.58719,6.8950696
STUB1,15.58719,6.8950696
SLC5A1,15.58719,6.8950696
ARFGAP3,15.58719,6.8950696
SLC35F3,15.58719,6.8950696
NSMF,15.58719,6.8950696
TRIM42,15.58719,6.8950696
GAS2L3,15.58719,6.8950696
SLC41A3,15.58719,6.8950696
TAMM41,15.58719,6.8950696
FAM8A1,15.58719,6.8950696
ARPC1B,15.58719,6.8950696
XRRA1,15.58719,6.8950696
PLPP2,15.58719,6.8950696
PRKCZ,15.58719,6.8950696
RET,15.58719,6.8950696
LIMS1,15.58719,6.8950696
DNAJA4,15.58719,6.8950696
AGO2,15.58719,6.8950696
GALNT8,15.58719,6.8950696
MBTPS2,15.58719,6.8950696
CLN5,15.58719,6.8950696
CLEC11A,15.58719,6.8950696
CYB5RL,15.58719,6.8950696
PGK2,15.58719,6.8950696
PRKAR2B,15.58719,6.8950696
SLC25A48,15.58719,6.8950696
A2ML1,15.58719,6.8950696
FASTK,15.58719,6.8950696
CXorf57,15.58719,6.8950696
DOK3,15.58719,6.8950696
CCDC61,15.58719,6.8950696
SDCCAG8,15.58719,6.8950696
CEP63,15.58719,6.8950696
CCDC9B,15.58719,6.8950696
RMND5B,15.58719,6.8950696
ZNF570,15.58719,6.8950696
MDM4,15.58719,6.8950696
UPF3A,15.58719,6.8950696
ZNF202,15.58719,6.8950696
KRT78,15.58719,6.8950696
PRRX1,15.58719,6.8950696
YBX2,15.58719,6.8950696
TRIM68,15.58719,6.8950696
CABLES1,15.58719,6.8950696
PAK2,15.58719,6.8950696
PPM1E,15.58719,6.8950696
CCDC154,15.58719,6.8950696
ATRIP,15.58719,6.8950696
PABPC3,15.58719,6.8950696
RGS11,15.58719,6.8950696
ALDH3B2,15.58719,6.8950696
PTPRZ1,15.58719,6.8950696
GPR75-ASB3,15.58719,6.8950696
SPATA21,15.58719,6.8950696
NOL11,15.58719,6.8950696
E4F1,15.58719,6.8950696
GAREM2,15.58719,6.8950696
GIPC1,15.58719,6.8950696
ZFYVE16,15.58719,6.8950696
STON2,15.58719,6.8950696
PCDHB6,15.58719,6.8950696
C2CD2L,15.58719,6.8950696
CDS2,15.58719,6.8950696
RIC8A,15.58719,6.8950696
SNTG1,15.58719,6.8950696
FBXL17,15.58719,6.8950696
ACR,15.58719,6.8950696
ACBD4,15.58719,6.8950696
DCLK2,15.58719,6.8950696
RCOR1,15.58719,6.8950696
RBM26,15.58719,6.8950696
PLD3,15.58719,6.8950696
PLPPR3,15.58719,6.8950696
PPP1R18,15.58719,6.8950696
ACACB,15.58719,6.8950696
PNPLA3,15.58719,6.8950696
GRHL3,15.58719,6.8950696
HSD3B1,15.58719,6.8950696
FKBP5,15.58719,6.8950696
CFAP206,15.58719,6.8950696
PARP9,15.58719,6.8950696
ADAP2,15.58719,6.8950696
TMEM131,15.58719,6.8950696
ABCG1,15.58719,6.8950696
GAS7,15.58719,6.8950696
DNMBP,15.58719,6.8950696
BCAM,15.58719,6.8950696
CCDC102A,15.58719,6.8950696
HSD11B2,15.58719,6.8950696
DGKB,15.58719,6.8950696
NPSR1,15.58719,6.8950696
CSGALNACT1,15.58719,6.8950696
LRRN2,15.58719,6.8950696
PEX10,15.58719,6.8950696
HIPK4,15.58719,6.8950696
CPNE8,15.58719,6.8950696
IKZF2,15.58719,6.8950696
COPS3,15.58719,6.8950696
LILRB1,15.58719,6.8950696
PHYKPL,15.58719,6.8950696
DDX39A,15.58719,6.8950696
GABRE,15.58719,6.8950696
MYLIP,15.58719,6.8950696
SYT14,15.58719,6.8950696
CYTH3,15.58719,6.8950696
RAB3IL1,15.58719,6.8950696
PROX2,15.58719,6.8950696
CCNB2,15.58719,6.8950696
ACTL7B,15.58719,6.8950696
VLDLR,15.58719,6.8950696
CDC25B,15.58719,6.8950696
NSRP1,15.58719,6.8950696
NDUFB9,15.58719,6.8950696
SLC41A1,15.58719,6.8950696
MAP3K10,15.58719,6.8950696
THADA,15.58719,6.8950696
CSE1L,15.58719,6.8950696
EIF2S3,15.58719,6.8950696
RASGRF1,15.58719,6.8950696
GPC6,15.58719,6.8950696
EFNB1,15.58719,6.8950696
SLAIN2,15.58719,6.8950696
LRRC8B,15.58719,6.8950696
NEMP1,15.58719,6.8950696
CTSK,15.58719,6.8950696
TMOD4,15.58719,6.8950696
LBX1,15.58719,6.8950696
TSEN2,15.58719,6.8950696
IFT140,15.58719,6.8950696
RAP1GDS1,15.58719,6.8950696
PCDHB1,15.58719,6.8950696
DACH1,15.58719,6.8950696
PDLIM2,15.58719,6.8950696
CASP7,15.58719,6.8950696
TAGAP,15.58719,6.8950696
SLC43A3,15.58719,6.8950696
BANP,15.58719,6.8950696
LMBR1L,15.58719,6.8950696
HIF3A,15.58719,6.8950696
NDRG1,15.58719,6.8950696
FAM189B,15.58719,6.8950696
CHST11,15.58719,6.8950696
ATF2,15.58719,6.8950696
USP3,15.58719,6.8950696
HNRNPA0,15.58719,6.8950696
POGLUT1,15.58719,6.8950696
ZXDC,15.58719,6.8950696
DOK4,15.58719,6.8950696
STYK1,15.58719,6.8950696
CHEK1,15.58719,6.8950696
CYP4X1,15.58719,6.8950696
ALG11,15.58719,6.8950696
BIVM,15.58719,6.8950696
PCDHB5,15.58719,6.8950696
REN,15.58719,6.8950696
MAFA,15.58719,6.8950696
CUZD1,15.58719,6.8950696
POC1B,15.58719,6.8950696
BRD9,15.58719,6.8950696
THUMPD3,15.58719,6.8950696
THSD1,15.58719,6.8950696
TATDN2,15.58719,6.8950696
FOXL2,15.58719,6.8950696
ZNF215,15.58719,6.8950696
CYB5R4,15.58719,6.8950696
LRRC71,15.58719,6.8950696
FAM198B,15.58719,6.8950696
RILPL1,15.58719,6.8950696
MYBPH,15.58719,6.8950696
HOXC6,15.58719,6.8950696
KCNJ13,15.58719,6.8950696
MMP17,15.58719,6.8950696
SNX2,15.58719,6.8950696
BIN2,15.58719,6.8950696
PDE3B,15.58719,6.8950696
KDSR,15.58719,6.8950696
AFTPH,15.58719,6.8950696
UBE2Q1,15.58719,6.8950696
SLC17A9,15.58719,6.8950696
PIGR,15.58719,6.8950696
KPTN,15.58719,6.8950696
SETD6,15.58719,6.8950696
IL1RL2,15.58719,6.8950696
RNPEP,15.58719,6.8950696
RAB37,15.58719,6.8950696
ZNF534,15.58719,6.8950696
PDK1,15.58719,6.8950696
PREPL,15.58719,6.8950696
ZEB2,15.58719,6.8950696
ERI2,15.58719,6.8950696
TFE3,15.58719,6.8950696
XIAP,15.58719,6.8950696
CES3,15.58719,6.8950696
POLR3C,15.58719,6.8950696
GDPD5,15.58719,6.8950696
VPS9D1,15.58719,6.8950696
SYT5,15.58719,6.8950696
MPP1,15.58719,6.8950696
FBXW8,15.58719,6.8950696
TTC21A,15.58719,6.8950696
SESN3,15.58719,6.8950696
LEMD2,15.58719,6.8950696
BUD23,15.58719,6.8950696
HMGXB4,15.58719,6.8950696
MEFV,15.58719,6.8950696
ADRA2C,15.58719,6.8950696
B4GALT2,15.58719,6.8950696
TLX3,15.58719,6.8950696
MRPL38,15.58719,6.8950696
CHKA,15.58719,6.8950696
FAM98B,15.58719,6.8950696
ZCCHC7,15.58719,6.8950696
CWH43,15.58719,6.8950696
ROBO1,15.58719,6.8950696
TARBP2,15.58719,6.8950696
DNAAF1,15.58719,6.8950696
PGAP2,15.58719,6.8950696
CTGF,15.58719,6.8950696
KDR,15.58719,6.8950696
KCNJ1,15.58719,6.8950696
PUM3,15.58719,6.8950696
PRICKLE4,15.58719,6.8950696
HEATR3,15.58719,6.8950696
POM121C,15.58719,6.8950696
SENP5,15.58719,6.8950696
FOXN3,15.58719,6.8950696
BNIP2,15.58719,6.8950696
SHC1,15.58719,6.8950696
PAPPA2,15.58719,6.8950696
PPT1,15.58719,6.8950696
CYB5R1,15.58719,6.8950696
STOML1,15.58719,6.8950696
HIVEP3,15.58719,6.8950696
NUB1,15.58719,6.8950696
NDC1,15.58719,6.8950696
RNF34,15.58719,6.8950696
NOP9,15.58719,6.8950696
MCCC2,15.58719,6.8950696
YAP1,15.58719,6.8950696
DCAF12,15.58719,6.8950696
VEGFA,15.58719,6.8950696
GRM5,15.58719,6.8950696
MAPK4,15.58719,6.8950696
NIPA2,15.58719,6.8950696
ZNF33A,15.58719,6.8950696
RPH3AL,15.58719,6.8950696
CSNK2A3,15.58719,6.8950696
DOK6,15.58719,6.8950696
TLR5,15.58719,6.8950696
MYH15,15.58719,6.8950696
GDPD2,15.58719,6.8950696
KNG1,15.58719,6.8950696
SLC27A2,15.58719,6.8950696
IRF2BP1,15.58719,6.8950696
KDELC1,15.58719,6.8950696
AEBP2,15.58719,6.8950696
FEM1B,15.58719,6.8950696
TRMT6,15.58719,6.8950696
C2CD2,15.58719,6.8950696
OMA1,15.58719,6.8950696
CLDN5,15.58719,6.8950696
PA2G4,15.58719,6.8950696
PLBD1,15.58719,6.8950696
HSF2,15.58719,6.8950696
LRRN1,15.58719,6.8950696
AOC1,15.58719,6.8950696
DHX58,15.58719,6.8950696
VWA5A,15.58719,6.8950696
AMZ1,15.58719,6.8950696
CYP4B1,15.58719,6.8950696
RHCG,15.58719,6.8950696
LRRC49,15.58719,6.8950696
SESN1,15.58719,6.8950696
RORA,15.58719,6.8950696
ARMC6,15.58719,6.8950696
GDF11,15.58719,6.8950696
TSTD2,15.58719,6.8950696
BUD13,15.58719,6.8950696
DTHD1,15.58719,6.8950696
ZNF606,15.58719,6.8950696
CERS3,15.58719,6.8950696
RBBP4,15.58719,6.8950696
NOL9,15.58719,6.8950696
PDIA5,15.58719,6.8950696
PHB,15.58719,6.8950696
PPT2,15.58719,6.8950696
MELK,15.58719,6.8950696
CCDC77,15.58719,6.8950696
SLC35B2,15.58719,6.8950696
UAP1L1,15.58719,6.8950696
NKAP,15.58719,6.8950696
CCDC50,15.58719,6.8950696
PRDM13,15.58719,6.8950696
CHRDL2,15.58719,6.8950696
USP26,15.58719,6.8950696
TTYH1,15.58719,6.8950696
CRLF3,15.58719,6.8950696
KDM3A,15.58719,6.8950696
WDR93,15.58719,6.8950696
APTX,15.58719,6.8950696
CYP4F2,15.58719,6.8950696
SLC9A7,15.58719,6.8950696
SERPINF2,15.58719,6.8950696
SLC35F5,15.58719,6.8950696
MEOX1,15.58719,6.8950696
TXLNG,15.58719,6.8950696
PTBP2,15.58719,6.8950696
CDK4,15.58719,6.8950696
ZUP1,15.58719,6.8950696
CSF1R,15.58719,6.8950696
SORBS1,15.58719,6.8950696
NSF,15.58719,6.8950696
RRNAD1,15.58719,6.8950696
MCAM,15.58719,6.8950696
PJA1,15.58719,6.8950696
KIAA0408,15.58719,6.8950696
TLX2,15.58719,6.8950696
SAV1,15.58719,6.8950696
GIPR,15.58719,6.8950696
ETS1,15.58719,6.8950696
PCDHB7,15.58719,6.8950696
SLC13A1,15.58719,6.8950696
KIAA2013,15.58719,6.8950696
TRO,15.58719,6.8950696
TROVE2,15.58719,6.8950696
ACOT8,15.58719,6.8950696
SEMG1,15.58719,6.8950696
NOXA1,15.58719,6.8950696
ASL,15.58719,6.8950696
SAMD3,15.58719,6.8950696
GPNMB,15.58719,6.8950696
TUBB4A,15.58719,6.8950696
ZNF655,15.58719,6.8950696
SYVN1,15.58719,6.8950696
LIPH,15.58719,6.8950696
SEMA7A,15.58719,6.8950696
ADAP1,15.58719,6.8950696
TRIM26,15.58719,6.8950696
SUGCT,15.58719,6.8950696
MKNK1,15.58719,6.8950696
LIX1L,15.58719,6.8950696
CEP70,15.58719,6.8950696
MFAP3L,15.58719,6.8950696
ZNF599,15.58719,6.8950696
MFSD4A,15.58719,6.8950696
ETV1,15.58719,6.8950696
PRLR,15.58719,6.8950696
SRMS,15.58719,6.8950696
THAP7,15.58719,6.8950696
ATF6,15.58719,6.8950696
RAX,15.58719,6.8950696
HPS4,15.58719,6.8950696
AMMECR1L,15.58719,6.8950696
CCNK,15.58719,6.8950696
PATJ,15.58719,6.8950696
DOC2A,15.58719,6.8950696
KIAA0895L,15.58719,6.8950696
TAF1B,15.58719,6.8950696
HS2ST1,15.58719,6.8950696
HTR3B,15.58719,6.8950696
STK3,15.58719,6.8950696
TGFB3,15.58719,6.8950696
SUCLG1,15.58719,6.8950696
SPNS3,15.58719,6.8950696
RAD51,15.58719,6.8950696
CCDC181,15.58719,6.8950696
MAP2K6,15.58719,6.8950696
SESN2,15.58719,6.8950696
HNRNPLL,15.58719,6.8950696
MSR1,15.58719,6.8950696
PPP2R5A,15.58719,6.8950696
ANXA11,15.58719,6.8950696
SPOCK2,15.58719,6.8950696
SLC34A3,15.58719,6.8950696
ST14,15.58719,6.8950696
AKNAD1,15.58719,6.8950696
C1RL,15.58719,6.8950696
RSPO3,15.58719,6.8950696
C15orf39,15.58719,6.8950696
FAM83D,15.58719,6.8950696
OTX2,15.58719,6.8950696
TRIM2,15.58719,6.8950696
RBM14,15.58719,6.8950696
RIN1,15.58719,6.8950696
PLAU,15.58719,6.8950696
PLPPR2,15.58719,6.8950696
SNX6,15.58719,6.8950696
RIOK3,15.58719,6.8950696
LRRN3,15.58719,6.8950696
UBXN11,15.58719,6.8950696
ENG,15.58719,6.8950696
WDR41,15.58719,6.8950696
WHRN,15.58719,6.8950696
ABHD15,15.58719,6.8950696
NEK6,15.58719,6.8950696
PPFIA2,15.58719,6.8950696
MKRN1,15.58719,6.8950696
BAG5,15.58719,6.8950696
TGFB2,15.58719,6.8950696
UGT2A2,15.58719,6.8950696
C6orf132,15.58719,6.8950696
PRDM8,15.58719,6.8950696
CHAF1B,15.58719,6.8950696
MFSD14B,15.58719,6.8950696
GXYLT1,15.58719,6.8950696
UEVLD,15.58719,6.8950696
BABAM2,15.58719,6.8950696
ACAT1,15.58719,6.8950696
ZMYND10,15.58719,6.8950696
TRIM62,15.58719,6.8950696
SLC15A4,15.58719,6.8950696
PLEKHN1,15.58719,6.8950696
B3GALNT2,15.58719,6.8950696
SAMM50,15.58719,6.8950696
STK32C,15.58719,6.8950696
HTRA4,15.58719,6.8950696
ADCY4,15.58719,6.8950696
LOXL1,15.58719,6.8950696
SEPT1,15.58719,6.8950696
BRD7,15.58719,6.8950696
YJEFN3,15.58719,6.8950696
DNAH5,15.58719,6.8950696
ARRB2,15.58719,6.8950696
NEK8,15.58719,6.8950696
PTGIS,15.58719,6.8950696
AP1M2,15.58719,6.8950696
CCDC157,15.58719,6.8950696
LRMP,15.58719,6.8950696
SLFN13,15.58719,6.8950696
ELOA2,15.58719,6.8950696
TSEN54,15.58719,6.8950696
ENOX2,15.58719,6.8950696
AFP,15.58719,6.8950696
RRM2B,15.58719,6.8950696
ZKSCAN8,15.58719,6.8950696
GJA4,15.58719,6.8950696
SOX1,15.58719,6.8950696
B3GLCT,15.58719,6.8950696
TRAF5,15.58719,6.8950696
ZNF841,15.58719,6.8950696
CCDC170,15.58719,6.8950696
CAP1,15.58719,6.8950696
ITFG1,15.58719,6.8950696
WDR83,15.58719,6.8950696
APOBR,15.58719,6.8950696
ERGIC3,15.58719,6.8950696
SDS,15.58719,6.8950696
UGT2A1,15.58719,6.8950696
TMEM87B,15.58719,6.8950696
VPS33B,15.58719,6.8950696
SCLT1,15.58719,6.8950696
NCAPD2,15.58719,6.8950696
SLCO1B1,15.58719,6.8950696
HAS1,15.58719,6.8950696
DHRS13,15.58719,6.8950696
TMCO3,15.58719,6.8950696
CALCR,15.58719,6.8950696
CCDC63,15.58719,6.8950696
PLD5,15.58719,6.8950696
REL,15.58719,6.8950696
SPATA17,15.58719,6.8950696
IL4R,15.58719,6.8950696
KIF2B,15.58719,6.8950696
ZNF44,15.58719,6.8950696
GLUD2,15.58719,6.8950696
GYS2,15.58719,6.8950696
STOML3,15.58719,6.8950696
WDR45B,15.58719,6.8950696
TOGARAM1,15.58719,6.8950696
KIF3B,15.58719,6.8950696
APBB1IP,15.58719,6.8950696
STAMBPL1,15.58719,6.8950696
FHL3,15.58719,6.8950696
SLC29A1,15.58719,6.8950696
ZFP30,15.58719,6.8950696
SLC39A10,15.58719,6.8950696
MAB21L2,15.58719,6.8950696
ZNF441,15.58719,6.8950696
STAMBP,15.58719,6.8950696
KRT6B,15.58719,6.8950696
SLC19A3,15.58719,6.8950696
CHKB,15.58719,6.8950696
DACT2,15.58719,6.8950696
TMOD1,15.58719,6.8950696
NAPEPLD,15.58719,6.8950696
ZNF425,15.58719,6.8950696
NIT1,15.58719,6.8950696
GPR143,15.58719,6.8950696
SEC13,15.58719,6.8950696
ENPP7,15.58719,6.8950696
LETM2,15.58719,6.8950696
ZNF16,15.58719,6.8950696
GPR161,15.58719,6.8950696
OTC,15.58719,6.8950696
TFDP2,15.58719,6.8950696
ZNF282,15.58719,6.8950696
MADD,15.58719,6.8950696
CELF3,15.58719,6.8950696
MLPH,15.58719,6.8950696
ACSBG2,15.58719,6.8950696
SLC25A16,15.58719,6.8950696
TERB1,15.58719,6.8950696
FADS2,15.58719,6.8950696
STON1,15.58719,6.8950696
RHOBTB3,15.58719,6.8950696
CTIF,15.58719,6.8950696
WDR36,15.58719,6.8950696
MLKL,15.58719,6.8950696
EBNA1BP2,15.58719,6.8950696
HASPIN,15.58719,6.8950696
ETNPPL,15.58719,6.8950696
UBQLN2,15.58719,6.8950696
STK36,15.58719,6.8950696
GJA3,15.58719,6.8950696
PPP1R9B,15.58719,6.8950696
RPN2,15.58719,6.8950696
FMO4,15.58719,6.8950696
AGER,15.58719,6.8950696
MARCH10,15.58719,6.8950696
FUT4,15.58719,6.8950696
TBC1D10A,15.58719,6.8950696
TMEM62,15.58719,6.8950696
RAVER2,15.58719,6.8950696
VNN1,15.58719,6.8950696
FRS2,15.58719,6.8950696
PPIL2,15.58719,6.8950696
BBS10,15.58719,6.8950696
NEU3,15.58719,6.8950696
ANKRD13D,15.58719,6.8950696
CASQ1,15.58719,6.8950696
ACSM4,15.58719,6.8950696
TBCE,15.58719,6.8950696
RPL3,15.58719,6.8950696
KCTD20,15.58719,6.8950696
FOXB1,15.58719,6.8950696
RNF123,15.58719,6.8950696
RPL3L,15.58719,6.8950696
CYP11B2,15.58719,6.8950696
SPINT1,15.58719,6.8950696
MTF2,15.58719,6.8950696
RING1,15.58719,6.8950696
PADI4,15.58719,6.8950696
EXOC3L4,15.58719,6.8950696
NT5C1A,15.58719,6.8950696
BMP2,15.58719,6.8950696
RAD52,15.58719,6.8950696
SAMHD1,15.58719,6.8950696
GLCE,15.58719,6.8950696
PTH2R,15.58719,6.8950696
PNLDC1,15.58719,6.8950696
SH2B3,15.58719,6.8950696
ZCCHC4,15.58719,6.8950696
DBX1,15.58719,6.8950696
IRF2,15.58719,6.8950696
OLFML1,15.58719,6.8950696
LCP2,15.58719,6.8950696
CHGB,15.58719,6.8950696
C9orf131,15.58719,6.8950696
PARS2,15.58719,6.8950696
FSCN2,15.58719,6.8950696
TMEM30A,15.58719,6.8950696
ATP6V1B2,15.58719,6.8950696
OS9,15.58719,6.8950696
TLR4,15.58719,6.8950696
CDKL2,15.58719,6.8950696
TYSND1,15.58719,6.8950696
BLMH,15.58719,6.8950696
FAM234B,15.58719,6.8950696
NAB2,15.58719,6.8950696
ZFAND4,15.58719,6.8950696
TBX19,15.58719,6.8950696
GBP7,15.58719,6.8950696
SPAG17,15.58719,6.8950696
SLC35F1,15.58719,6.8950696
ELF1,15.58719,6.8950696
OSCP1,15.58719,6.8950696
NSUN5,15.58719,6.8950696
ANKMY2,15.58719,6.8950696
CACNG4,15.58719,6.8950696
ILDR2,15.58719,6.8950696
KREMEN2,15.58719,6.8950696
ENPP6,15.58719,6.8950696
LONRF2,15.58719,6.8950696
NEK3,15.58719,6.8950696
DDI2,15.58719,6.8950696
NEURL1B,15.58719,6.8950696
MAPKAPK5,15.58719,6.8950696
RPL5,15.58719,6.8950696
SWAP70,15.58719,6.8950696
IMP4,15.58719,6.8950696
HSPA5,15.58719,6.8950696
KRT32,15.58719,6.8950696
RANBP3,15.58719,6.8950696
ADHFE1,15.58719,6.8950696
MPHOSPH10,15.58719,6.8950696
PCSK1,15.58719,6.8950696
MINDY1,15.58719,6.8950696
MARVELD2,15.58719,6.8950696
CKB,15.58719,6.8950696
TXNDC5,15.58719,6.8950696
SPECC1L,15.58719,6.8950696
STRAP,15.58719,6.8950696
ZFX,15.58719,6.8950696
FPGT,15.58719,6.8950696
PDHX,15.58719,6.8950696
TRIM35,15.58719,6.8950696
CAMKK1,15.58719,6.8950696
HPSE2,15.58719,6.8950696
ADA2,15.58719,6.8950696
ADCK2,15.58719,6.8950696
RPUSD2,15.58719,6.8950696
ZDHHC16,15.58719,6.8950696
EIF4A3,15.58719,6.8950696
MAX,15.58719,6.8950696
CPNE1,15.58719,6.8950696
TMEM104,15.58719,6.8950696
ZNF480,15.58719,6.8950696
ATP8B2,15.58719,6.8950696
ETFA,15.58719,6.8950696
EIF2AK4,15.58719,6.8950696
PSAP,15.58719,6.8950696
CCDC27,15.58719,6.8950696
PTPN22,15.58719,6.8950696
CCBE1,15.58719,6.8950696
ST5,15.58719,6.8950696
CARM1,15.58719,6.8950696
LSR,15.58719,6.8950696
GPR107,15.58719,6.8950696
OAS2,15.58719,6.8950696
TMEM8B,15.58719,6.8950696
GBP3,15.58719,6.8950696
NDUFAF7,15.58719,6.8950696
ZNF408,15.58719,6.8950696
LMAN2L,15.58719,6.8950696
TTC19,15.58719,6.8950696
MAP10,15.58719,6.8950696
HSPA2,15.58719,6.8950696
FOXK1,15.58719,6.8950696
DYTN,15.58719,6.8950696
GRHPR,15.58719,6.8950696
RAB44,15.58719,6.8950696
HCLS1,15.58719,6.8950696
SNTB2,15.58719,6.8950696
POLR2C,15.58719,6.8950696
IL17RE,15.58719,6.8950696
RENBP,15.58719,6.8950696
ESCO2,15.58719,6.8950696
CCDC9,15.58719,6.8950696
COQ2,15.58719,6.8950696
FAM178B,15.58719,6.8950696
CYTH4,15.58719,6.8950696
PUS3,15.58719,6.8950696
PRODH2,15.58719,6.8950696
KRT9,15.58719,6.8950696
PSMD2,15.58719,6.8950696
SEC24D,15.58719,6.8950696
ZNF823,15.58719,6.8950696
SLC29A2,15.58719,6.8950696
CYP3A43,15.58719,6.8950696
SRM,15.58719,6.8950696
GHRHR,15.58719,6.8950696
HINFP,15.58719,6.8950696
GK2,15.58719,6.8950696
LAS1L,15.58719,6.8950696
DDX19B,15.58719,6.8950696
ETAA1,15.58719,6.8950696
NOS1AP,15.58719,6.8950696
N4BP1,15.58719,6.8950696
CSGALNACT2,15.58719,6.8950696
ATXN7L1,15.58719,6.8950696
MYOD1,15.58719,6.8950696
TTPAL,15.58719,6.8950696
PHYHD1,15.58719,6.8950696
SEC14L2,15.58719,6.8950696
UBP1,15.58719,6.8950696
BACE1,15.58719,6.8950696
RUFY4,15.58719,6.8950696
SLFN5,15.58719,6.8950696
LRRC4B,15.58719,6.8950696
CTSB,15.58719,6.8950696
LRRC37B,15.58719,6.8950696
MYC,15.58719,6.8950696
NIPAL4,15.58719,6.8950696
ITGB1,15.58719,6.8950696
ZNF219,15.58719,6.8950696
IREB2,15.58719,6.8950696
ZNF845,15.58719,6.8950696
ZCCHC24,15.58719,6.8950696
APBA3,15.58719,6.8950696
TDRD9,15.58719,6.8950696
NR0B1,15.58719,6.8950696
DHX32,15.58719,6.8950696
STAT4,15.58719,6.8950696
MOK,15.58719,6.8950696
DCAF15,15.58719,6.8950696
NDUFS7,15.58719,6.8950696
STAC2,15.58719,6.8950696
SPRTN,15.58719,6.8950696
FLRT3,15.58719,6.8950696
RNF169,15.58719,6.8950696
EMID1,15.58719,6.8950696
DICER1,15.58719,6.8950696
SELE,15.58719,6.8950696
SLC22A12,15.58719,6.8950696
PGK1,15.58719,6.8950696
GJA9,15.58719,6.8950696
PPP3CB,15.58719,6.8950696
HYAL2,15.58719,6.8950696
ZFP91,15.58719,6.8950696
METAP1,15.58719,6.8950696
VPS36,15.58719,6.8950696
WRAP73,15.58719,6.8950696
SHF,15.58719,6.8950696
BARHL1,15.58719,6.8950696
GABRG1,15.58719,6.8950696
CCDC178,15.58719,6.8950696
COQ6,15.58719,6.8950696
MINPP1,15.58719,6.8950696
WDR62,15.58719,6.8950696
LANCL2,15.58719,6.8950696
APCDD1,15.58719,6.8950696
FBRSL1,15.58719,6.8950696
PPP2R5B,15.58719,6.8950696
TIPARP,15.58719,6.8950696
CLPTM1L,15.58719,6.8950696
EPS15,15.58719,6.8950696
PITX3,15.58719,6.8950696
PTCHD4,15.58719,6.8950696
TTC5,15.58719,6.8950696
GTF2H1,15.58719,6.8950696
AKAP8L,15.58719,6.8950696
APEX1,15.58719,6.8950696
KRT23,15.58719,6.8950696
ELN,15.58719,6.8950696
XKR7,15.58719,6.8950696
ZNF493,15.58719,6.8950696
HOMEZ,15.58719,6.8950696
IGF2BP3,15.58719,6.8950696
VNN2,15.58719,6.8950696
TMEM232,15.58719,6.8950696
B3GAT1,15.58719,6.8950696
TRIM25,15.58719,6.8950696
KRT13,15.58719,6.8950696
PPP2R5E,15.58719,6.8950696
CIP2A,15.58719,6.8950696
ASB7,15.58719,6.8950696
YY1AP1,15.58719,6.8950696
PLA2G4D,15.58719,6.8950696
SWT1,15.58719,6.8950696
RPS6KL1,15.58719,6.8950696
RSRC2,15.58719,6.8950696
MAPT,15.58719,6.8950696
FOXF2,15.58719,6.8950696
SP3,15.58719,6.8950696
UTP15,15.58719,6.8950696
MANEAL,15.58719,6.8950696
MINDY4,15.58719,6.8950696
CLCN7,15.58719,6.8950696
GPC4,15.58719,6.8950696
NFYC,15.58719,6.8950696
GPR37,15.58719,6.8950696
GLP2R,15.58719,6.8950696
WHAMM,15.58719,6.8950696
SLC25A41,15.58719,6.8950696
MROH6,15.58719,6.8950696
PAK3,15.58719,6.8950696
SRF,15.58719,6.8950696
CLN6,15.58719,6.8950696
SLC13A4,15.58719,6.8950696
NDC80,15.58719,6.8950696
SLC25A35,15.58719,6.8950696
SOWAHB,15.58719,6.8950696
EDA,15.58719,6.8950696
ZNF628,15.58719,6.8950696
PDE6C,15.58719,6.8950696
PCID2,15.58719,6.8950696
GTF3C4,15.58719,6.8950696
HKR1,15.58719,6.8950696
CFAP53,15.58719,6.8950696
FAM126A,15.58719,6.8950696
PHYH,15.58719,6.8950696
PIP5K1B,15.58719,6.8950696
LRP3,15.58719,6.8950696
ETV6,15.58719,6.8950696
REC8,15.58719,6.8950696
SGCZ,15.58719,6.8950696
RAG2,15.58719,6.8950696
NUMB,15.58719,6.8950696
PTPRC,15.58719,6.8950696
LCLAT1,15.58719,6.8950696
USH1G,15.58719,6.8950696
PTCD3,15.58719,6.8950696
CCDC149,15.58719,6.8950696
EPN1,15.58719,6.8950696
ARHGAP15,15.58719,6.8950696
CYP2J2,15.58719,6.8950696
ENO1,15.58719,6.8950696
FAM171B,15.58719,6.8950696
CHEK2,15.58719,6.8950696
SLC43A1,15.58719,6.8950696
PIAS3,15.58719,6.8950696
RELB,15.58719,6.8950696
SNTB1,15.58719,6.8950696
JPH1,15.58719,6.8950696
TLX1,15.58719,6.8950696
ZNF354A,15.58719,6.8950696
TMPO,15.58719,6.8950696
NBN,15.58719,6.8950696
HOXB6,15.58719,6.8950696
IL27RA,15.58719,6.8950696
GPAM,15.58719,6.8950696
CBX8,15.58719,6.8950696
DCLRE1B,15.58719,6.8950696
POU3F2,15.58719,6.8950696
ATG14,15.58719,6.8950696
ZNF483,15.58719,6.8950696
KIAA0100,15.58719,6.8950696
SOAT1,15.58719,6.8950696
ZBTB24,15.58719,6.8950696
AP3M2,15.58719,6.8950696
FAM193B,15.58719,6.8950696
FAM161B,15.58719,6.8950696
BICDL2,15.58719,6.8950696
PLA2G3,15.58719,6.8950696
LRRC45,15.58719,6.8950696
FRS3,15.58719,6.8950696
VKORC1,15.58719,6.8950696
EARS2,15.58719,6.8950696
GJA10,15.58719,6.8950696
NCF2,15.58719,6.8950696
UNCX,15.58719,6.8950696
ACCS,15.58719,6.8950696
HTR2C,15.58719,6.8950696
EGLN1,15.58719,6.8950696
MXI1,15.58719,6.8950696
ERN2,15.58719,6.8950696
ALDH8A1,15.58719,6.8950696
BLNK,15.58719,6.8950696
GDF6,15.58719,6.8950696
TRRAP,15.58719,6.8950696
IRX4,15.58719,6.8950696
FOXA2,15.58719,6.8950696
ERAL1,15.58719,6.8950696
GCFC2,15.58719,6.8950696
MFSD11,15.58719,6.8950696
AGPAT1,15.58719,6.8950696
CDC45,15.58719,6.8950696
NKX2-2,15.58719,6.8950696
PRR14,15.58719,6.8950696
ZSCAN12,15.58719,6.8950696
WARS,15.58719,6.8950696
ZNF629,15.58719,6.8950696
FBXO21,15.58719,6.8950696
NT5DC3,15.58719,6.8950696
DCAF4,15.58719,6.8950696
RCOR2,15.58719,6.8950696
GCGR,15.58719,6.8950696
CHN1,15.58719,6.8950696
FBXO31,15.58719,6.8950696
CLGN,15.58719,6.8950696
NARS,15.58719,6.8950696
TMEM259,15.58719,6.8950696
PTK6,15.58719,6.8950696
BBS4,15.58719,6.8950696
SLC9A8,15.58719,6.8950696
RIC8B,15.58719,6.8950696
SYN1,15.58719,6.8950696
SNX1,15.58719,6.8950696
GAS6,15.58719,6.8950696
RALBP1,15.58719,6.8950696
SLC8B1,15.58719,6.8950696
PRKAA1,15.58719,6.8950696
ACADSB,15.58719,6.8950696
FBXL20,15.58719,6.8950696
ZNF814,15.58719,6.8950696
KRT76,15.58719,6.8950696
UIMC1,15.58719,6.8950696
FUT10,15.58719,6.8950696
PARVA,15.58719,6.8950696
DRD2,15.58719,6.8950696
SPAG6,15.58719,6.8950696
RNF14,15.58719,6.8950696
CTSF,15.58719,6.8950696
HMG20A,15.58719,6.8950696
RPAP3,15.58719,6.8950696
LTV1,15.58719,6.8950696
SLC25A43,15.58719,6.8950696
SH2D3A,15.58719,6.8950696
FASTKD5,15.58719,6.8950696
KRT3,15.58719,6.8950696
EXOC5,15.58719,6.8950696
KCNAB1,15.58719,6.8950696
NIM1K,15.58719,6.8950696
SVOPL,15.58719,6.8950696
NONO,15.58719,6.8950696
ZNF473,15.58719,6.8950696
BIRC2,15.58719,6.8950696
USP35,15.58719,6.8950696
SLC22A13,15.58719,6.8950696
MEIOC,15.58719,6.8950696
ONECUT3,15.58719,6.8950696
LRRC8A,15.58719,6.8950696
MAML1,15.58719,6.8950696
FAR1,15.58719,6.8950696
POU2F3,15.58719,6.8950696
SOCS5,15.58719,6.8950696
POU3F3,15.58719,6.8950696
HNRNPDL,15.58719,6.8950696
ZNF622,15.58719,6.8950696
SLC13A2,15.58719,6.8950696
TFEB,15.58719,6.8950696
QDPR,15.58719,6.8950696
TTC30B,15.58719,6.8950696
STK38,15.58719,6.8950696
FBXL5,15.58719,6.8950696
POU5F1,15.58719,6.8950696
HSD3B7,15.58719,6.8950696
SGMS1,15.58719,6.8950696
CCNL2,15.58719,6.8950696
FAM149B1,15.58719,6.8950696
NUP54,15.58719,6.8950696
UVRAG,15.58719,6.8950696
CYP51A1,15.58719,6.8950696
KRT33B,15.58719,6.8950696
OTX1,15.58719,6.8950696
CFAP100,15.58719,6.8950696
SP4,15.58719,6.8950696
KRBA1,15.58719,6.8950696
ZNF180,15.58719,6.8950696
LIAS,15.58719,6.8950696
ADAM32,15.58719,6.8950696
SNIP1,15.58719,6.8950696
CLCA4,15.58719,6.8950696
TNFRSF25,15.58719,6.8950696
ZW10,15.58719,6.8950696
TES,15.58719,6.8950696
LMNTD2,15.58719,6.8950696
SPHK2,15.58719,6.8950696
CRMP1,15.58719,6.8950696
LCMT2,15.58719,6.8950696
SLC44A3,15.58719,6.8950696
SLC2A9,15.58719,6.8950696
CLK1,15.58719,6.8950696
OSGIN1,15.58719,6.8950696
GUCY2F,15.58719,6.8950696
CIR1,15.58719,6.8950696
TEAD3,15.58719,6.8950696
KPNA3,15.58719,6.8950696
CYP4A22,15.58719,6.8950696
GPC2,15.58719,6.8950696
PRSS23,15.58719,6.8950696
TAF6L,15.58719,6.8950696
DAPK2,15.58719,6.8950696
FOXJ1,15.58719,6.8950696
FRRS1,15.58719,6.8950696
CYP46A1,15.58719,6.8950696
FZD2,15.58719,6.8950696
DOK5,15.58719,6.8950696
CCNT1,15.58719,6.8950696
DIS3,15.58719,6.8950696
PRPSAP1,15.58719,6.8950696
JHY,15.58719,6.8950696
INTS9,15.58719,6.8950696
UMPS,15.58719,6.8950696
ALG12,15.58719,6.8950696
STAT2,15.58719,6.8950696
PATZ1,15.58719,6.8950696
POU4F2,15.58719,6.8950696
EIF2B2,15.58719,6.8950696
MINDY2,15.58719,6.8950696
FMO5,15.58719,6.8950696
THOP1,15.58719,6.8950696
PACSIN2,15.58719,6.8950696
C17orf66,15.58719,6.8950696
ZNF136,15.58719,6.8950696
RBM23,15.58719,6.8950696
WFIKKN2,15.58719,6.8950696
FBXL4,15.58719,6.8950696
GSPT2,15.58719,6.8950696
THNSL2,15.58719,6.8950696
PPHLN1,15.58719,6.8950696
MFSD1,15.58719,6.8950696
ZSCAN10,15.58719,6.8950696
TMEM145,15.58719,6.8950696
IL17RA,15.58719,6.8950696
FUCA1,15.58719,6.8950696
PTBP3,15.58719,6.8950696
SLC25A28,15.58719,6.8950696
KCNJ10,15.58719,6.8950696
TUBD1,15.58719,6.8950696
IQCE,15.58719,6.8950696
ETV4,15.58719,6.8950696
CHST15,15.58719,6.8950696
GBP6,15.58719,6.8950696
CSAD,15.58719,6.8950696
MACC1,15.58719,6.8950696
SLC1A5,15.58719,6.8950696
DALRD3,15.58719,6.8950696
CEP57,15.58719,6.8950696
TOM1,15.58719,6.8950696
SGO2,15.58719,6.8950696
SLC25A5,15.58719,6.8950696
POU3F4,15.58719,6.8950696
TRAF3,15.58719,6.8950696
CDCP1,15.58719,6.8950696
EFCAB13,15.58719,6.8950696
CDYL,15.58719,6.8950696
TBRG4,15.58719,6.8950696
LAP3,15.58719,6.8950696
CHST8,15.58719,6.8950696
CNDP2,15.58719,6.8950696
TFCP2,15.58719,6.8950696
MTPAP,15.58719,6.8950696
TXLNA,15.58719,6.8950696
CHRNA6,15.58719,6.8950696
MAPK3,15.58719,6.8950696
NCOA4,15.58719,6.8950696
FANCC,15.58719,6.8950696
NASP,15.58719,6.8950696
UACA,15.58719,6.8950696
FARS2,15.58719,6.8950696
SLC1A7,15.58719,6.8950696
MARCH6,15.58719,6.8950696
FZD4,15.58719,6.8950696
TNIP1,15.58719,6.8950696
UBA2,15.58719,6.8950696
TOP1MT,15.58719,6.8950696
ZBTB48,15.58719,6.8950696
CTCFL,15.58719,6.8950696
KPNA2,15.58719,6.8950696
NFKBIZ,15.58719,6.8950696
MMACHC,15.58719,6.8950696
PMPCB,15.58719,6.8950696
SLC25A47,15.58719,6.8950696
PIAS2,15.58719,6.8950696
CCDC173,15.58719,6.8950696
MZF1,15.58719,6.8950696
RDH12,15.58719,6.8950696
SOX4,15.58719,6.8950696
CDC14B,15.58719,6.8950696
BNC1,15.58719,6.8950696
RTN3,15.58719,6.8950696
UGT1A6,15.58719,6.8950696
SLC18A3,15.58719,6.8950696
KRT7,15.58719,6.8950696
DDO,15.58719,6.8950696
CMAS,15.58719,6.8950696
CYP1A2,15.58719,6.8950696
SLC23A3,15.58719,6.8950696
PBX3,15.58719,6.8950696
PLXDC1,15.58719,6.8950696
TEAD2,15.58719,6.8950696
CC2D2B,15.58719,6.8950696
TTC14,15.58719,6.8950696
USP1,15.58719,6.8950696
SLC9A6,15.58719,6.8950696
FBRS,15.58719,6.8950696
SRPK3,15.58719,6.8950696
SERPIND1,15.58719,6.8950696
TMPRSS2,15.58719,6.8950696
ARGLU1,15.58719,6.8950696
ZBTB1,15.58719,6.8950696
VANGL2,15.58719,6.8950696
TSTA3,15.58719,6.8950696
ZNF235,15.58719,6.8950696
SLAIN1,15.58719,6.8950696
ZBTB16,15.58719,6.8950696
BIN1,15.58719,6.8950696
AC005358.1,15.58719,6.8950696
KIAA1024,15.58719,6.8950696
ANAPC7,15.58719,6.8950696
CES2,15.58719,6.8950696
BEND4,15.58719,6.8950696
CDHR4,15.58719,6.8950696
DPYSL4,15.58719,6.8950696
SLC49A3,15.58719,6.8950696
AHI1,15.58719,6.8950696
SPATA18,15.58719,6.8950696
POLM,15.58719,6.8950696
ZNF780A,15.58719,6.8950696
VCP,15.58719,6.8950696
C6orf10,15.58719,6.8950696
DHDDS,15.58719,6.8950696
MFSD6L,15.58719,6.8950696
FLYWCH1,15.58719,6.8950696
CNBD2,15.58719,6.8950696
TENT2,15.58719,6.8950696
IPO9,15.58719,6.8950696
ZMPSTE24,15.58719,6.8950696
ZPR1,15.58719,6.8950696
MLC1,15.58719,6.8950696
CTNS,15.58719,6.8950696
LMOD2,15.58719,6.8950696
DNAAF3,15.58719,6.8950696
IL1RAPL1,15.58719,6.8950696
MRI1,15.58719,6.8950696
BTD,15.58719,6.8950696
RSPH3,15.58719,6.8950696
OTUD5,15.58719,6.8950696
CYP26B1,15.58719,6.8950696
DDX20,15.58719,6.8950696
SLITRK6,15.58719,6.8950696
SPATS2,15.58719,6.8950696
DCX,15.58719,6.8950696
HNRNPA1,15.58719,6.8950696
FGG,15.58719,6.8950696
PLCZ1,15.58719,6.8950696
DRC1,15.58719,6.8950696
PPP1R16B,15.58719,6.8950696
SGPL1,15.58719,6.8950696
FOXN2,15.58719,6.8950696
MKNK2,15.58719,6.8950696
TTC38,15.58719,6.8950696
TH,15.58719,6.8950696
ZBED4,15.58719,6.8950696
CNOT4,15.58719,6.8950696
CPVL,15.58719,6.8950696
KPNA4,15.58719,6.8950696
NOM1,15.58719,6.8950696
KLHL38,15.58719,6.8950696
CNTN1,15.58719,6.8950696
SLC25A31,15.58719,6.8950696
TRDMT1,15.58719,6.8950696
AMH,15.58719,6.8950696
DDX56,15.58719,6.8950696
PWWP2A,15.58719,6.8950696
ANGPTL6,15.58719,6.8950696
PLD1,15.58719,6.8950696
SMU1,15.58719,6.8950696
IL17RD,15.58719,6.8950696
POM121,15.58719,6.8950696
CD44,15.58719,6.8950696
ZNF112,15.58719,6.8950696
GCM2,15.58719,6.8950696
STK35,15.58719,6.8950696
GJA5,15.58719,6.8950696
CYP11B1,15.58719,6.8950696
HOXC9,15.58719,6.8950696
KCTD5,15.58719,6.8950696
CYP2W1,15.58719,6.8950696
ITPKB,15.58719,6.8950696
AIP,15.58719,6.8950696
TNNT3,15.58719,6.8950696
FBXL13,15.58719,6.8950696
RAD50,15.58719,6.8950696
AOC3,15.58719,6.8950696
SYBU,15.58719,6.8950696
FAM205A,15.58719,6.8950696
ZNF729,15.58719,6.8950696
EDNRB,15.58719,6.8950696
COG8,15.58719,6.8950696
SLC1A1,15.58719,6.8950696
ZNF574,15.58719,6.8950696
HDAC8,15.58719,6.8950696
TFCP2L1,15.58719,6.8950696
ARHGAP25,15.58719,6.8950696
PAX3,15.58719,6.8950696
LMBR1,15.58719,6.8950696
PATL2,15.58719,6.8950696
PRTG,15.58719,6.8950696
NPRL3,15.58719,6.8950696
FBXO33,15.58719,6.8950696
KRT31,15.58719,6.8950696
CEL,15.58719,6.8950696
ERO1A,15.58719,6.8950696
THBS1,15.58719,6.8950696
MIGA1,15.58719,6.8950696
CLP1,15.58719,6.8950696
CLK4,15.58719,6.8950696
VSX2,15.58719,6.8950696
SLC33A1,15.58719,6.8950696
ANXA6,15.58719,6.8950696
STRC,15.58719,6.8950696
RACK1,15.58719,6.8950696
IGSF8,15.58719,6.8950696
MBOAT7,15.58719,6.8950696
USP30,15.58719,6.8950696
COG6,15.58719,6.8950696
TBC1D19,15.58719,6.8950696
KRT36,15.58719,6.8950696
EEFSEC,15.58719,6.8950696
SRRM4,15.58719,6.8950696
UGT1A10,15.58719,6.8950696
LRRC8D,15.58719,6.8950696
ZSCAN29,15.58719,6.8950696
MAPK6,15.58719,6.8950696
STK25,15.58719,6.8950696
PLA2G4A,15.58719,6.8950696
B4GALT3,15.58719,6.8950696
SNX18,15.58719,6.8950696
ZNF135,15.58719,6.8950696
PIK3AP1,15.58719,6.8950696
FOXN1,15.58719,6.8950696
CPZ,15.58719,6.8950696
ATP6V1B1,15.58719,6.8950696
SYN3,15.58719,6.8950696
QRSL1,15.58719,6.8950696
GPAT2,15.58719,6.8950696
GDAP1,15.58719,6.8950696
PELI2,15.58719,6.8950696
DEUP1,15.58719,6.8950696
SLC23A1,15.58719,6.8950696
MARCO,15.58719,6.8950696
F13B,15.58719,6.8950696
CDAN1,15.58719,6.8950696
PROB1,15.58719,6.8950696
DCTN4,15.58719,6.8950696
DYRK2,15.58719,6.8950696
FUCA2,15.58719,6.8950696
C3orf20,15.58719,6.8950696
ZNF160,15.58719,6.8950696
SLC25A44,15.58719,6.8950696
PRPS2,15.58719,6.8950696
PPIL4,15.58719,6.8950696
NOLC1,15.58719,6.8950696
RGS7,15.58719,6.8950696
WNT2,15.58719,6.8950696
TARDBP,15.58719,6.8950696
GGT7,15.58719,6.8950696
PPM1G,15.58719,6.8950696
KLHDC8A,15.58719,6.8950696
AATF,15.58719,6.8950696
MAP1B,15.58719,6.8950696
DDX19A,15.58719,6.8950696
OTP,15.58719,6.8950696
MCOLN2,15.58719,6.8950696
FBXO40,15.58719,6.8950696
MYOM3,15.58719,6.8950696
SATL1,15.58719,6.8950696
GEM,15.58719,6.8950696
HERC3,15.58719,6.8950696
TFRC,15.58719,6.8950696
SNX4,15.58719,6.8950696
NKX2-5,15.58719,6.8950696
GMCL1,15.58719,6.8950696
ANKK1,15.58719,6.8950696
LIMCH1,15.58719,6.8950696
RAB35,15.58719,6.8950696
JADE3,15.58719,6.8950696
TF,15.58719,6.8950696
PRF1,15.58719,6.8950696
NEURL1,15.58719,6.8950696
FUT2,15.58719,6.8950696
FBLN7,15.58719,6.8950696
TTC24,15.58719,6.8950696
PARP2,15.58719,6.8950696
ACOT12,15.58719,6.8950696
REM2,15.58719,6.8950696
SPDL1,15.58719,6.8950696
HMX3,15.58719,6.8950696
NADK2,15.58719,6.8950696
SEL1L2,15.58719,6.8950696
DPY19L2,15.58719,6.8950696
KRT39,15.58719,6.8950696
IL1RAP,15.58719,6.8950696
RYR3,15.58719,6.8950696
SQLE,15.58719,6.8950696
NLRC4,15.58719,6.8950696
NKX2-6,15.58719,6.8950696
PPARG,15.58719,6.8950696
ALPG,15.58719,6.8950696
CCDC177,15.58719,6.8950696
FDFT1,15.58719,6.8950696
ZNF184,15.58719,6.8950696
NUTM1,15.58719,6.8950696
SLFN14,15.58719,6.8950696
TMEM117,15.58719,6.8950696
LTK,15.58719,6.8950696
ACSM5,15.58719,6.8950696
SLC6A14,15.58719,6.8950696
WASHC2A,15.58719,6.8950696
GHR,15.58719,6.8950696
BAP1,15.58719,6.8950696
IDH3A,15.58719,6.8950696
STEAP4,15.58719,6.8950696
GAPDHS,15.58719,6.8950696
TIA1,15.58719,6.8950696
ZKSCAN7,15.58719,6.8950696
SLC2A7,15.58719,6.8950696
CARD6,15.58719,6.8950696
IDH3B,15.58719,6.8950696
ATRN,15.58719,6.8950696
FAM186B,15.58719,6.8950696
LRRC36,15.58719,6.8950696
HEPHL1,15.58719,6.8950696
CCNB3,15.58719,6.8950696
ZBTB44,15.58719,6.8950696
AGBL4,15.58719,6.8950696
KLHL41,15.58719,6.8950696
ALDH1B1,15.58719,6.8950696
ZSCAN9,15.58719,6.8950696
CES4A,15.58719,6.8950696
MAF,15.58719,6.8950696
KCNAB2,15.58719,6.8950696
SLC29A4,15.58719,6.8950696
NAALADL2,15.58719,6.8950696
RFC4,15.58719,6.8950696
SLC12A8,15.58719,6.8950696
IQGAP2,15.58719,6.8950696
BYSL,15.58719,6.8950696
SLC25A11,15.58719,6.8950696
SREK1,15.58719,6.8950696
SLC25A20,15.58719,6.8950696
SLC1A2,15.58719,6.8950696
CYP7B1,15.58719,6.8950696
POU3F1,15.58719,6.8950696
ATAD3C,15.58719,6.8950696
IFT172,15.58719,6.8950696
GJB3,15.58719,6.8950696
ZFP62,15.58719,6.8950696
BDH1,15.58719,6.8950696
ILDR1,15.58719,6.8950696
KLHL23,15.58719,6.8950696
ADGRF1,15.58719,6.8950696
ZNF311,15.58719,6.8950696
CDRT1,15.58719,6.8950696
MYEF2,15.58719,6.8950696
PRR36,15.58719,6.8950696
ALG9,15.58719,6.8950696
RPN1,15.58719,6.8950696
HOXB3,15.58719,6.8950696
MAPK13,15.58719,6.8950696
ACRBP,15.58719,6.8950696
RAD21,15.58719,6.8950696
PLXNC1,15.58719,6.8950696
GLP1R,15.58719,6.8950696
GTF2H4,15.58719,6.8950696
ASB16,15.58719,6.8950696
CRHR2,15.58719,6.8950696
RUSC1,15.58719,6.8950696
STRADA,15.58719,6.8950696
XRCC6,15.58719,6.8950696
CDH19,15.58719,6.8950696
WDR13,15.58719,6.8950696
CCDC174,15.58719,6.8950696
ZNF185,15.58719,6.8950696
SLC25A3,15.58719,6.8950696
PADI1,15.58719,6.8950696
DAXX,15.58719,6.8950696
ARFGAP2,15.58719,6.8950696
DDX28,15.58719,6.8950696
TADA2A,15.58719,6.8950696
ZNF585B,15.58719,6.8950696
NEU4,15.58719,6.8950696
USP22,15.58719,6.8950696
ALDOB,15.58719,6.8950696
CTPS2,15.58719,6.8950696
ANKRD42,15.58719,6.8950696
ZSWIM2,15.58719,6.8950696
ZBBX,15.58719,6.8950696
PUS10,15.58719,6.8950696
TUBE1,15.58719,6.8950696
REPS1,15.58719,6.8950696
REST,15.58719,6.8950696
UBQLN1,15.58719,6.8950696
KCNC3,15.58719,6.8950696
SLC6A16,15.58719,6.8950696
DDX6,15.58719,6.8950696
NECTIN2,15.58719,6.8950696
CYTH2,15.58719,6.8950696
WLS,15.58719,6.8950696
SHC4,15.58719,6.8950696
CNTN4,15.58719,6.8950696
TGS1,15.58719,6.8950696
KBTBD3,15.58719,6.8950696
RAD17,15.58719,6.8950696
PRRT3,15.58719,6.8950696
TSC22D1,15.58719,6.8950696
KCNK10,15.58719,6.8950696
SDHB,15.58719,6.8950696
GSTCD,15.58719,6.8950696
DISC1,15.58719,6.8950696
ZNF516,15.58719,6.8950696
ZNF624,15.58719,6.8950696
MARCH7,15.58719,6.8950696
SCARB2,15.58719,6.8950696
CDKN2A,15.58719,6.8950696
EED,15.58719,6.8950696
EVL,15.58719,6.8950696
SSX2IP,15.58719,6.8950696
SH3RF2,15.58719,6.8950696
IFT74,15.58719,6.8950696
ACSM1,15.58719,6.8950696
C9,15.58719,6.8950696
PPM1J,15.58719,6.8950696
SLC18A1,15.58719,6.8950696
RDH5,15.58719,6.8950696
DEPDC1B,15.58719,6.8950696
CFAP45,15.58719,6.8950696
FAM83G,15.58719,6.8950696
RGMB,15.58719,6.8950696
RNF139,15.58719,6.8950696
SLC39A6,15.58719,6.8950696
HPD,15.58719,6.8950696
ITPKC,15.58719,6.8950696
TMEM209,15.58719,6.8950696
MFSD14A,15.58719,6.8950696
ZNF395,15.58719,6.8950696
HAUS6,15.58719,6.8950696
SYT9,15.58719,6.8950696
KRT27,15.58719,6.8950696
PEX1,15.58719,6.8950696
CHRNA5,15.58719,6.8950696
ASCC2,15.58719,6.8950696
RTN4,15.58719,6.8950696
DRG2,15.58719,6.8950696
ZNF544,15.58719,6.8950696
TMPRSS11A,15.58719,6.8950696
MGAT2,15.58719,6.8950696
VIPR1,15.58719,6.8950696
ZPLD1,15.58719,6.8950696
GJC1,15.58719,6.8950696
ITIH6,15.58719,6.8950696
KLHL34,15.58719,6.8950696
KLHL33,15.58719,6.8950696
TP53BP1,15.58719,6.8950696
HOXA3,15.58719,6.8950696
ACTL7A,15.58719,6.8950696
GGT5,15.58719,6.8950696
ZNF133,15.58719,6.8950696
URI1,15.58719,6.8950696
COX10,15.58719,6.8950696
KRT24,15.58719,6.8950696
PCDHGB3,15.58719,6.8950696
OSBPL2,15.58719,6.8950696
CCDC47,15.58719,6.8950696
DEPDC7,15.58719,6.8950696
NHSL2,15.58719,6.8950696
SLCO4C1,15.58719,6.8950696
FUBP1,15.58719,6.8950696
RSPH6A,15.58719,6.8950696
GPAA1,15.58719,6.8950696
SLC22A15,15.58719,6.8950696
MOV10L1,15.58719,6.8950696
NKRF,15.58719,6.8950696
ADAM28,15.58719,6.8950696
RHPN2,15.58719,6.8950696
MAEA,15.58719,6.8950696
MTRF1,15.58719,6.8950696
LMCD1,15.58719,6.8950696
PCDHA1,15.58719,6.8950696
SSH2,15.58719,6.8950696
HES6,15.58719,6.8950696
EGF,15.58719,6.8950696
SLC22A3,15.58719,6.8950696
EIF2D,15.58719,6.8950696
L3MBTL4,15.58719,6.8950696
CYP24A1,15.58719,6.8950696
KBTBD11,15.58719,6.8950696
THSD7A,15.58719,6.8950696
SRL,15.58719,6.8950696
MGAT3,15.58719,6.8950696
ALKBH8,15.58719,6.8950696
ZNF791,15.58719,6.8950696
NLRP4,15.58719,6.8950696
SCPEP1,15.58719,6.8950696
PAX4,15.58719,6.8950696
ATP10B,15.58719,6.8950696
GPR156,15.58719,6.8950696
TRIM41,15.58719,6.8950696
CACNA2D1,15.58719,6.8950696
MRPS9,15.58719,6.8950696
TGM4,15.58719,6.8950696
KRT79,15.58719,6.8950696
AMT,15.58719,6.8950696
PWP1,15.58719,6.8950696
NRIP1,15.58719,6.8950696
DENND1C,15.58719,6.8950696
NETO1,15.58719,6.8950696
MTF1,15.58719,6.8950696
GSAP,15.58719,6.8950696
ZNF598,15.58719,6.8950696
BAG3,15.58719,6.8950696
GATAD2B,15.58719,6.8950696
FAM98A,15.58719,6.8950696
PDHA2,15.58719,6.8950696
PCDHGA1,15.58719,6.8950696
PRSS53,15.58719,6.8950696
TMCC1,15.58719,6.8950696
ZNF287,15.58719,6.8950696
ZFYVE19,15.58719,6.8950696
SECISBP2L,15.58719,6.8950696
DNAJC3,15.58719,6.8950696
TRIP6,15.58719,6.8950696
ZKSCAN5,15.58719,6.8950696
KHDC4,15.58719,6.8950696
SERGEF,15.58719,6.8950696
SLC22A16,15.58719,6.8950696
SLC25A42,15.58719,6.8950696
SLC2A3,15.58719,6.8950696
ASNSD1,15.58719,6.8950696
TRAF3IP3,15.58719,6.8950696
GABRP,15.58719,6.8950696
ACTR3B,15.58719,6.8950696
SOX2,15.58719,6.8950696
PISD,15.58719,6.8950696
CANX,15.58719,6.8950696
TAZ,15.58719,6.8950696
NR1I2,15.58719,6.8950696
SH3BP5,15.58719,6.8950696
TENT4B,15.58719,6.8950696
ADGRG1,15.58719,6.8950696
ALG6,15.58719,6.8950696
ZER1,15.58719,6.8950696
FKBP4,15.58719,6.8950696
LUC7L,15.58719,6.8950696
RBFOX1,15.58719,6.8950696
DNAJA3,15.58719,6.8950696
TBC1D17,15.58719,6.8950696
DZIP1,15.58719,6.8950696
CAMTA1,15.58719,6.8950696
C2CD3,15.58719,6.8950696
SLC28A3,15.58719,6.8950696
DLAT,15.58719,6.8950696
KMT5A,15.58719,6.8950696
SLC30A6,15.58719,6.8950696
KIRREL2,15.58719,6.8950696
SLC22A2,15.58719,6.8950696
SYT10,15.58719,6.8950696
QSOX2,15.58719,6.8950696
GABRA6,15.58719,6.8950696
ZNF276,15.58719,6.8950696
HAGH,15.58719,6.8950696
SLC2A14,15.58719,6.8950696
APPL2,15.58719,6.8950696
CNKSR3,15.58719,6.8950696
ZNF208,15.58719,6.8950696
CCDC81,15.58719,6.8950696
KRT71,15.58719,6.8950696
TRAPPC12,15.58719,6.8950696
EIPR1,15.58719,6.8950696
RELA,15.58719,6.8950696
KRT72,15.58719,6.8950696
SRPX,15.58719,6.8950696
GRID1,15.58719,6.8950696
MYBL1,15.58719,6.8950696
ANKRD18B,15.58719,6.8950696
ZNF585A,15.58719,6.8950696
LAMB3,15.58719,6.8950696
PTPN7,15.58719,6.8950696
FSCN3,15.58719,6.8950696
ERMARD,15.58719,6.8950696
WASHC2C,15.58719,6.8950696
TBX6,15.58719,6.8950696
CHUK,15.58719,6.8950696
NLRP11,15.58719,6.8950696
DACH2,15.58719,6.8950696
PHACTR4,15.58719,6.8950696
FOLH1,15.58719,6.8950696
HSPA8,15.58719,6.8950696
KPNA7,15.58719,6.8950696
CYP2U1,15.58719,6.8950696
CBFA2T3,15.58719,6.8950696
INPP5A,15.58719,6.8950696
NCAPH2,15.58719,6.8950696
HAS2,15.58719,6.8950696
GRB14,15.58719,6.8950696
ENPP2,15.58719,6.8950696
CPNE7,15.58719,6.8950696
TNNT1,15.58719,6.8950696
MGAT4A,15.58719,6.8950696
SAMD8,15.58719,6.8950696
THAP12,15.58719,6.8950696
OPA3,15.58719,6.8950696
ILVBL,15.58719,6.8950696
SLC2A12,15.58719,6.8950696
PHC2,15.58719,6.8950696
BACH2,15.58719,6.8950696
ENO2,15.58719,6.8950696
SPOPL,15.58719,6.8950696
DVL2,15.58719,6.8950696
ANKRD55,15.58719,6.8950696
ZBTB49,15.58719,6.8950696
PDZD8,15.58719,6.8950696
GDA,15.58719,6.8950696
RTN2,15.58719,6.8950696
HOOK1,15.58719,6.8950696
TMCC2,15.58719,6.8950696
SEPT6,15.58719,6.8950696
KRT28,15.58719,6.8950696
ZNF800,15.58719,6.8950696
MATN3,15.58719,6.8950696
AUP1,15.58719,6.8950696
CBFA2T2,15.58719,6.8950696
SLCO1B7,15.58719,6.8950696
SLC19A2,15.58719,6.8950696
SLC17A8,15.58719,6.8950696
KY,15.58719,6.8950696
HNRNPAB,15.58719,6.8950696
MMP19,15.58719,6.8950696
BCKDHB,15.58719,6.8950696
SIX1,15.58719,6.8950696
MAPK8,15.58719,6.8950696
AKT2,15.58719,6.8950696
DCAF10,15.58719,6.8950696
SEC14L4,15.58719,6.8950696
SNRK,15.58719,6.8950696
CCDC13,15.58719,6.8950696
CWF19L2,15.58719,6.8950696
KHNYN,15.58719,6.8950696
RLIM,15.58719,6.8950696
GRAP2,15.58719,6.8950696
HSF4,15.58719,6.8950696
CHRM3,15.58719,6.8950696
WSCD2,15.58719,6.8950696
NOA1,15.58719,6.8950696
LMAN1,15.58719,6.8950696
FNTB,15.58719,6.8950696
NLE1,15.58719,6.8950696
SLC9A9,15.58719,6.8950696
SPATA5L1,15.58719,6.8950696
IQCA1,15.58719,6.8950696
TOR1AIP1,15.58719,6.8950696
ADAMTSL2,15.58719,6.8950696
ECHDC2,15.58719,6.8950696
THOC2,15.58719,6.8950696
DDX18,15.58719,6.8950696
EFHC2,15.58719,6.8950696
FES,15.58719,6.8950696
ACSBG1,15.58719,6.8950696
PABPC4,15.58719,6.8950696
CFLAR,15.58719,6.8950696
GJD2,15.58719,6.8950696
PRRT4,15.58719,6.8950696
WNT11,15.58719,6.8950696
TBX5,15.58719,6.8950696
ATXN7,15.58719,6.8950696
NLRP8,15.58719,6.8950696
AOAH,15.58719,6.8950696
AGXT2,15.58719,6.8950696
SLC2A11,15.58719,6.8950696
LCORL,15.58719,6.8950696
EIF2B3,15.58719,6.8950696
EFCAB7,15.58719,6.8950696
FAM83H,15.58719,6.8950696
HS3ST2,15.58719,6.8950696
TRIM6,15.58719,6.8950696
TEX11,15.58719,6.8950696
KLHDC7A,15.58719,6.8950696
AOC2,15.58719,6.8950696
CAPS2,15.58719,6.8950696
DNAJC21,15.58719,6.8950696
SYTL4,15.58719,6.8950696
WNT8B,15.58719,6.8950696
CTAGE5,15.58719,6.8950696
BFSP1,15.58719,6.8950696
NLK,15.58719,6.8950696
PTPN2,15.58719,6.8950696
SPNS2,15.58719,6.8950696
ZYG11A,15.58719,6.8950696
SIX3,15.58719,6.8950696
NEK5,15.58719,6.8950696
ZNF711,15.58719,6.8950696
GABRA3,15.58719,6.8950696
PFKP,15.58719,6.8950696
PALB2,15.58719,6.8950696
NYAP1,15.58719,6.8950696
ATAD1,15.58719,6.8950696
GBP1,15.58719,6.8950696
BICRAL,15.58719,6.8950696
FLOT1,15.58719,6.8950696
SUCLA2,15.58719,6.8950696
IGF2BP1,15.58719,6.8950696
KRT84,15.58719,6.8950696
LRRC1,15.58719,6.8950696
TRIM8,15.58719,6.8950696
OSGIN2,15.58719,6.8950696
RETSAT,15.58719,6.8950696
TBXAS1,15.58719,6.8950696
BBS12,15.58719,6.8950696
SLC45A3,15.58719,6.8950696
FMO1,15.58719,6.8950696
GATM,15.58719,6.8950696
TOMM70,15.58719,6.8950696
NKD1,15.58719,6.8950696
SH3BP4,15.58719,6.8950696
USP16,15.58719,6.8950696
KCNS2,15.58719,6.8950696
DVL1,15.58719,6.8950696
RPS6KA6,15.58719,6.8950696
TRIM28,15.58719,6.8950696
MIS18BP1,15.58719,6.8950696
KCNJ11,15.58719,6.8950696
UHRF2,15.58719,6.8950696
GMPR2,15.58719,6.8950696
PGAP1,15.58719,6.8950696
SEPT11,15.58719,6.8950696
QTRT1,15.58719,6.8950696
ADNP2,15.58719,6.8950696
MMRN2,15.58719,6.8950696
RAB11FIP3,15.58719,6.8950696
SENP3,15.58719,6.8950696
HNRNPM,15.58719,6.8950696
CPNE4,15.58719,6.8950696
ST7L,15.58719,6.8950696
SH3BP5L,15.58719,6.8950696
MAMDC2,15.58719,6.8950696
ACSL4,15.58719,6.8950696
KANK3,15.58719,6.8950696
PCDHB15,15.58719,6.8950696
MROH9,15.58719,6.8950696
BACH1,15.58719,6.8950696
ASIC4,15.58719,6.8950696
CDCA2,15.58719,6.8950696
CDHR1,15.58719,6.8950696
NFKB2,15.58719,6.8950696
PRPF38A,15.58719,6.8950696
SALL2,15.58719,6.8950696
IL12RB2,15.58719,6.8950696
BMP4,15.58719,6.8950696
ARFIP2,15.58719,6.8950696
MBOAT1,15.58719,6.8950696
DPP7,15.58719,6.8950696
NGFR,15.58719,6.8950696
ZCCHC8,15.58719,6.8950696
PBX2,15.58719,6.8950696
PCDHA10,15.58719,6.8950696
CALCOCO1,15.58719,6.8950696
LCTL,15.58719,6.8950696
CTNNAL1,15.58719,6.8950696
GNA15,15.58719,6.8950696
TTF1,15.58719,6.8950696
SHTN1,15.58719,6.8950696
FAF2,15.58719,6.8950696
NFIC,15.58719,6.8950696
SLFN11,15.58719,6.8950696
TRAF3IP1,15.58719,6.8950696
PHF1,15.58719,6.8950696
TARS,15.58719,6.8950696
ATAD3A,15.58719,6.8950696
ZNF862,15.58719,6.8950696
CFAP221,15.58719,6.8950696
RRP1B,15.58719,6.8950696
ALG5,15.58719,6.8950696
INTU,15.58719,6.8950696
PHACTR3,15.58719,6.8950696
SLC47A1,15.58719,6.8950696
CDYL2,15.58719,6.8950696
GJA8,15.58719,6.8950696
SLC17A6,15.58719,6.8950696
DUSP16,15.58719,6.8950696
MFSD5,15.58719,6.8950696
PNLIP,15.58719,6.8950696
RNF8,15.58719,6.8950696
ALG2,15.58719,6.8950696
WDR37,15.58719,6.8950696
PIGB,15.58719,6.8950696
MSI1,15.58719,6.8950696
IKZF1,15.58719,6.8950696
LRGUK,15.58719,6.8950696
SLC9A4,15.58719,6.8950696
MMP24,15.58719,6.8950696
ROCK1,15.58719,6.8950696
TKTL2,15.58719,6.8950696
RCL1,15.58719,6.8950696
MPP7,15.58719,6.8950696
SCMH1,15.58719,6.8950696
HSPA12A,15.58719,6.8950696
WNT9A,15.58719,6.8950696
GRAMD4,15.58719,6.8950696
DHODH,15.58719,6.8950696
ARFGAP1,15.58719,6.8950696
DNAJC1,15.58719,6.8950696
ARSH,15.58719,6.8950696
ANKRD13C,15.58719,6.8950696
MAPKAP1,15.58719,6.8950696
SLC25A22,15.58719,6.8950696
FBXO9,15.58719,6.8950696
PARG,15.58719,6.8950696
MEF2A,15.58719,6.8950696
LMF1,15.58719,6.8950696
PIGV,15.58719,6.8950696
PIAS1,15.58719,6.8950696
NRF1,15.58719,6.8950696
SLC2A6,15.58719,6.8950696
KRT18,15.58719,6.8950696
MEF2B,15.58719,6.8950696
PRKD2,15.58719,6.8950696
RFX5,15.58719,6.8950696
ZC3H12D,15.58719,6.8950696
PMPCA,15.58719,6.8950696
AKT3,15.58719,6.8950696
IRF9,15.58719,6.8950696
CDC16,15.58719,6.8950696
AQP1,15.58719,6.8950696
GGA1,15.58719,6.8950696
TGFBRAP1,15.58719,6.8950696
SLITRK5,15.58719,6.8950696
TAF4B,15.58719,6.8950696
ATF6B,15.58719,6.8950696
PHKG2,15.58719,6.8950696
LRWD1,15.58719,6.8950696
MEIS1,15.58719,6.8950696
API5,15.58719,6.8950696
LIN54,15.58719,6.8950696
MAG,15.58719,6.8950696
NEK2,15.58719,6.8950696
C3orf67,15.58719,6.8950696
PLBD2,15.58719,6.8950696
SCFD2,15.58719,6.8950696
ZNF217,15.58719,6.8950696
POLR1C,15.58719,6.8950696
AFAP1L2,15.58719,6.8950696
CSRNP3,15.58719,6.8950696
RNF103,15.58719,6.8950696
CDCA7L,15.58719,6.8950696
ZDHHC13,15.58719,6.8950696
ZFP90,15.58719,6.8950696
TOM1L2,15.58719,6.8950696
TTC8,15.58719,6.8950696
UTP4,15.58719,6.8950696
TRMT2A,15.58719,6.8950696
PLXDC2,15.58719,6.8950696
MUM1,15.58719,6.8950696
GLDC,15.58719,6.8950696
CAMK2D,15.58719,6.8950696
ADGRE5,15.58719,6.8950696
KCNJ16,15.58719,6.8950696
LIMD1,15.58719,6.8950696
WDR1,15.58719,6.8950696
PTCHD3,15.58719,6.8950696
SEPT4,15.58719,6.8950696
USF1,15.58719,6.8950696
CEP85,15.58719,6.8950696
SLC22A17,15.58719,6.8950696
SLC1A3,15.58719,6.8950696
HABP2,15.58719,6.8950696
DSC3,15.58719,6.8950696
PLCH1,15.58719,6.8950696
KRT77,15.58719,6.8950696
ZNF74,15.58719,6.8950696
DNAJC14,15.58719,6.8950696
LRFN1,15.58719,6.8950696
NUAK2,15.58719,6.8950696
IL31RA,15.58719,6.8950696
MID1,15.58719,6.8950696
QSOX1,15.58719,6.8950696
EPS8L3,15.58719,6.8950696
TMEM132A,15.58719,6.8950696
PPP3CC,15.58719,6.8950696
ZNF333,15.58719,6.8950696
CEP83,15.58719,6.8950696
RBM28,15.58719,6.8950696
CCT6A,15.58719,6.8950696
FASTKD1,15.58719,6.8950696
PHC1,15.58719,6.8950696
C2orf42,15.58719,6.8950696
PGD,15.58719,6.8950696
TROAP,15.58719,6.8950696
TNFRSF1A,15.58719,6.8950696
LRRC8C,15.58719,6.8950696
CDK5RAP3,15.58719,6.8950696
CIAO3,15.58719,6.8950696
LPCAT3,15.58719,6.8950696
PRKAA2,15.58719,6.8950696
PDZD4,15.58719,6.8950696
F2,15.58719,6.8950696
TMEM161A,15.58719,6.8950696
SMARCD3,15.58719,6.8950696
EEPD1,15.58719,6.8950696
ADCK1,15.58719,6.8950696
TUBB2B,15.58719,6.8950696
ZBTB47,15.58719,6.8950696
TRIM32,15.58719,6.8950696
NYAP2,15.58719,6.8950696
TMEM63C,15.58719,6.8950696
HDAC2,15.58719,6.8950696
MDM1,15.58719,6.8950696
PCDHA9,15.58719,6.8950696
AJM1,15.58719,6.8950696
KLHL17,15.58719,6.8950696
ABHD4,15.58719,6.8950696
MASTL,15.58719,6.8950696
STEAP2,15.58719,6.8950696
NELFE,15.58719,6.8950696
NLRP9,15.58719,6.8950696
DOK7,15.58719,6.8950696
PSMC6,15.58719,6.8950696
CLINT1,15.58719,6.8950696
MIER1,15.58719,6.8950696
GPM6B,15.58719,6.8950696
EPS8L2,15.58719,6.8950696
NUCB1,15.58719,6.8950696
C10orf71,15.58719,6.8950696
RALGPS2,15.58719,6.8950696
GDI2,15.58719,6.8950696
GABRQ,15.58719,6.8950696
ZNF45,15.58719,6.8950696
WDR76,15.58719,6.8950696
IRF7,15.58719,6.8950696
HSPA12B,15.58719,6.8950696
CHST5,15.58719,6.8950696
CSTF1,15.58719,6.8950696
CREM,15.58719,6.8950696
DNM2,15.58719,6.8950696
NDUFA9,15.58719,6.8950696
FEM1C,15.58719,6.8950696
UBA3,15.58719,6.8950696
PHF10,15.58719,6.8950696
EGFL6,15.58719,6.8950696
PRKAG3,15.58719,6.8950696
SCUBE1,15.58719,6.8950696
CRLF1,15.58719,6.8950696
A2M,15.58719,6.8950696
TXNDC11,15.58719,6.8950696
URGCP,15.58719,6.8950696
CCDC33,15.58719,6.8950696
MAT2A,15.58719,6.8950696
MPI,15.58719,6.8950696
AGPAT3,15.58719,6.8950696
DDX52,15.58719,6.8950696
PRKAG1,15.58719,6.8950696
TSNAXIP1,15.58719,6.8950696
PCDHGA9,15.58719,6.8950696
NADK,15.58719,6.8950696
GK5,15.58719,6.8950696
KRT82,15.58719,6.8950696
PPARGC1A,15.58719,6.8950696
DMAP1,15.58719,6.8950696
ZC3H6,15.58719,6.8950696
SCLY,15.58719,6.8950696
GMPR,15.58719,6.8950696
PDSS1,15.58719,6.8950696
CHST4,15.58719,6.8950696
EP400,15.58719,6.8950696
CHRNB3,15.58719,6.8950696
GEN1,15.58719,6.8950696
JPH2,15.58719,6.8950696
CAPN5,15.58719,6.8950696
GLRB,15.58719,6.8950696
APEH,15.58719,6.8950696
ACBD3,15.58719,6.8950696
AIPL1,15.58719,6.8950696
FHL2,15.58719,6.8950696
PPP1R26,15.58719,6.8950696
PRICKLE2,15.58719,6.8950696
GALK1,15.58719,6.8950696
HELB,15.58719,6.8950696
ISL1,15.58719,6.8950696
CDH17,15.58719,6.8950696
DPH2,15.58719,6.8950696
HPS1,15.58719,6.8950696
NDUFA10,15.58719,6.8950696
KDM2A,15.58719,6.8950696
PIPOX,15.58719,6.8950696
SIRT1,15.58719,6.8950696
DHX40,15.58719,6.8950696
BRD2,15.58719,6.8950696
EXD3,15.58719,6.8950696
LCA5,15.58719,6.8950696
MID2,15.58719,6.8950696
TBC1D10C,15.58719,6.8950696
FOXP3,15.58719,6.8950696
SYCP2L,15.58719,6.8950696
SLC25A37,15.58719,6.8950696
PCDHA12,15.58719,6.8950696
SCNN1B,15.58719,6.8950696
SMARCAD1,15.58719,6.8950696
KLHL35,15.58719,6.8950696
DCST1,15.58719,6.8950696
ANO10,15.58719,6.8950696
ESRRA,15.58719,6.8950696
MPP2,15.58719,6.8950696
NLRP7,15.58719,6.8950696
PLK2,15.58719,6.8950696
GPAT3,15.58719,6.8950696
IRAK1,15.58719,6.8950696
PDE12,15.58719,6.8950696
NDST1,15.58719,6.8950696
P4HA3,15.58719,6.8950696
TTLL9,15.58719,6.8950696
FKTN,15.58719,6.8950696
ATXN1,15.58719,6.8950696
TTC39B,15.58719,6.8950696
SEC14L3,15.58719,6.8950696
NOP58,15.58719,6.8950696
ZNF343,15.58719,6.8950696
TLR8,15.58719,6.8950696
TSHZ3,15.58719,6.8950696
FOXRED2,15.58719,6.8950696
STAT5A,15.58719,6.8950696
MASP1,15.58719,6.8950696
NMNAT2,15.58719,6.8950696
SSBP3,15.58719,6.8950696
SUMF1,15.58719,6.8950696
LRTOMT,15.58719,6.8950696
NCLN,15.58719,6.8950696
FA2H,15.58719,6.8950696
PXK,15.58719,6.8950696
ARHGEF25,15.58719,6.8950696
NCDN,15.58719,6.8950696
BFSP2,15.58719,6.8950696
SF1,15.58719,6.8950696
ERAP2,15.58719,6.8950696
NRBP1,15.58719,6.8950696
MFSD8,15.58719,6.8950696
GNAI2,15.58719,6.8950696
GJA1,15.58719,6.8950696
SELENBP1,15.58719,6.8950696
KCNH4,15.58719,6.8950696
MORC2,15.58719,6.8950696
DZANK1,15.58719,6.8950696
MBD3,15.58719,6.8950696
FOXO4,15.58719,6.8950696
TMPRSS3,15.58719,6.8950696
ZNF512,15.58719,6.8950696
PPAT,15.58719,6.8950696
ALDH1A2,15.58719,6.8950696
HHATL,15.58719,6.8950696
AGRN,15.58719,6.8950696
TMEM132E,15.58719,6.8950696
RASGRP2,15.58719,6.8950696
VEZT,15.58719,6.8950696
ALB,15.58719,6.8950696
PDE7B,15.58719,6.8950696
DLD,15.58719,6.8950696
MEIS3,15.58719,6.8950696
PARP6,15.58719,6.8950696
ADGRG2,15.58719,6.8950696
MEPCE,15.58719,6.8950696
NFIX,15.58719,6.8950696
SLC13A3,15.58719,6.8950696
TBXT,15.58719,6.8950696
EVX2,15.58719,6.8950696
HMGCS1,15.58719,6.8950696
FAF1,15.58719,6.8950696
KRT19,15.58719,6.8950696
ZNF536,15.58719,6.8950696
ANKRD62,15.58719,6.8950696
CCNL1,15.58719,6.8950696
KRT73,15.58719,6.8950696
TMEM8A,15.58719,6.8950696
MUS81,15.58719,6.8950696
TPM4,15.58719,6.8950696
SEPT8,15.58719,6.8950696
ELL,15.58719,6.8950696
FAM161A,15.58719,6.8950696
DDX55,15.58719,6.8950696
GALE,15.58719,6.8950696
TRMU,15.58719,6.8950696
CDC14A,15.58719,6.8950696
PLK1,15.58719,6.8950696
SMARCA4,15.58719,6.8950696
FAM160B2,15.58719,6.8950696
NCBP3,15.58719,6.8950696
DTL,15.58719,6.8950696
GLRA4,15.58719,6.8950696
GNAI3,15.58719,6.8950696
ERO1B,15.58719,6.8950696
SLITRK2,15.58719,6.8950696
ABCB9,15.58719,6.8950696
FBL,15.58719,6.8950696
NAALAD2,15.58719,6.8950696
SLC37A1,15.58719,6.8950696
MMP16,15.58719,6.8950696
SH2D4A,15.58719,6.8950696
GK,15.58719,6.8950696
SIGLEC10,15.58719,6.8950696
DENND6B,15.58719,6.8950696
FOXC1,15.58719,6.8950696
KRI1,15.58719,6.8950696
CYP4F11,15.58719,6.8950696
KNTC1,15.58719,6.8950696
SOX3,15.58719,6.8950696
ITGA1,15.58719,6.8950696
INCENP,15.58719,6.8950696
BRPF1,15.58719,6.8950696
TMPRSS13,15.58719,6.8950696
MICAL2,15.58719,6.8950696
CDC20,15.58719,6.8950696
SPOCD1,15.58719,6.8950696
THOC1,15.58719,6.8950696
SCNN1G,15.58719,6.8950696
FLOT2,15.58719,6.8950696
TMPRSS11F,15.58719,6.8950696
RRP9,15.58719,6.8950696
TDP1,15.58719,6.8950696
SLC27A5,15.58719,6.8950696
STK11,15.58719,6.8950696
EPPK1,15.58719,6.8950696
FIBCD1,15.58719,6.8950696
PCDHA7,15.58719,6.8950696
HJV,15.58719,6.8950696
TCTN1,15.58719,6.8950696
USP39,15.58719,6.8950696
ALOX15,15.58719,6.8950696
SLC45A2,15.58719,6.8950696
FAM129A,15.58719,6.8950696
OTUD7A,15.58719,6.8950696
PCK1,15.58719,6.8950696
C16orf96,15.58719,6.8950696
RTCB,15.58719,6.8950696
DDX59,15.58719,6.8950696
ING3,15.58719,6.8950696
GTF3C5,15.58719,6.8950696
TMC8,15.58719,6.8950696
SRSF4,15.58719,6.8950696
SLC37A2,15.58719,6.8950696
ADAD1,15.58719,6.8950696
ADCYAP1R1,15.58719,6.8950696
SLC2A5,15.58719,6.8950696
TMEM161B,15.58719,6.8950696
GSR,15.58719,6.8950696
FNDC7,15.58719,6.8950696
TRIP13,15.58719,6.8950696
MTBP,15.58719,6.8950696
NT5DC2,15.58719,6.8950696
SYTL5,15.58719,6.8950696
MAPK8IP3,15.58719,6.8950696
CYTH1,15.58719,6.8950696
KANK4,15.58719,6.8950696
PPEF2,15.58719,6.8950696
ARHGEF33,15.58719,6.8950696
LMX1A,15.58719,6.8950696
SERPINC1,15.58719,6.8950696
MAOB,15.58719,6.8950696
ACAN,15.58719,6.8950696
PARP10,15.58719,6.8950696
ZC3HC1,15.58719,6.8950696
C7orf55-LUC7L2,15.58719,6.8950696
PCDHA4,15.58719,6.8950696
OTOA,15.58719,6.8950696
APBA2,15.58719,6.8950696
IQCB1,15.58719,6.8950696
FAM160A1,15.58719,6.8950696
MFSD2B,15.58719,6.8950696
EXD2,15.58719,6.8950696
ALDH1A3,15.58719,6.8950696
SLITRK4,15.58719,6.8950696
DMTF1,15.58719,6.8950696
TRMT44,15.58719,6.8950696
HERC5,15.58719,6.8950696
RARS2,15.58719,6.8950696
KLHL10,15.58719,6.8950696
F10,15.58719,6.8950696
ZC3HAV1,15.58719,6.8950696
TBCCD1,15.58719,6.8950696
KHSRP,15.58719,6.8950696
IL17RC,15.58719,6.8950696
MAP3K2,15.58719,6.8950696
DDN,15.58719,6.8950696
DGCR2,15.58719,6.8950696
SEPT9,15.58719,6.8950696
LIN9,15.58719,6.8950696
SLC24A3,15.58719,6.8950696
CCDC175,15.58719,6.8950696
ACTL6A,15.58719,6.8950696
METAP2,15.58719,6.8950696
GRIPAP1,15.58719,6.8950696
TENM2,15.58719,6.8950696
MALT1,15.58719,6.8950696
PPP2R2B,15.58719,6.8950696
KCNN1,15.58719,6.8950696
ZYX,15.58719,6.8950696
BTBD1,15.58719,6.8950696
PPP2R5C,15.58719,6.8950696
ASIC3,15.58719,6.8950696
SIGLEC1,15.58719,6.8950696
PIP5K1A,15.58719,6.8950696
EXOC3L1,15.58719,6.8950696
APAF1,15.58719,6.8950696
DCST2,15.58719,6.8950696
NR2E1,15.58719,6.8950696
ACSL5,15.58719,6.8950696
ADCK5,15.58719,6.8950696
CRACR2A,15.58719,6.8950696
GNAS,15.58719,6.8950696
MLXIPL,15.58719,6.8950696
AFAP1,15.58719,6.8950696
GALNT12,15.58719,6.8950696
SMYD4,15.58719,6.8950696
GALNT15,15.58719,6.8950696
ICAM5,15.58719,6.8950696
OLFML3,15.58719,6.8950696
CERS5,15.58719,6.8950696
PLK3,15.58719,6.8950696
TRPM2,15.58719,6.8950696
PHB2,15.58719,6.8950696
ULK3,15.58719,6.8950696
C12orf10,15.58719,6.8950696
KCNJ12,15.58719,6.8950696
SLCO4A1,15.58719,6.8950696
CCKBR,15.58719,6.8950696
GATAD2A,15.58719,6.8950696
PHACTR2,15.58719,6.8950696
RASIP1,15.58719,6.8950696
PTH1R,15.58719,6.8950696
CSF2RB,15.58719,6.8950696
RNF19B,15.58719,6.8950696
AKAP1,15.58719,6.8950696
NIPAL3,15.58719,6.8950696
NECTIN3,15.58719,6.8950696
SLITRK1,15.58719,6.8950696
GALK2,15.58719,6.8950696
GCNT2,15.58719,6.8950696
NXN,15.58719,6.8950696
RBM47,15.58719,6.8950696
CCDC6,15.58719,6.8950696
PPP6R1,15.58719,6.8950696
IMPG1,15.58719,6.8950696
FOXC2,15.58719,6.8950696
RXFP2,15.58719,6.8950696
MON1A,15.58719,6.8950696
SPEN,15.58719,6.8950696
SUSD1,15.58719,6.8950696
PIGQ,15.58719,6.8950696
C1S,15.58719,6.8950696
WNT7A,15.58719,6.8950696
SUV39H2,15.58719,6.8950696
CTNND2,15.58719,6.8950696
PARP12,15.58719,6.8950696
ARHGAP6,15.58719,6.8950696
N4BP2L2,15.58719,6.8950696
DNPEP,15.58719,6.8950696
EPN3,15.58719,6.8950696
ARHGEF16,15.58719,6.8950696
AMFR,15.58719,6.8950696
PDE7A,15.58719,6.8950696
BTBD3,15.58719,6.8950696
COG7,15.58719,6.8950696
KLHL4,15.58719,6.8950696
PCARE,15.58719,6.8950696
OSBP,15.58719,6.8950696
CNOT6L,15.58719,6.8950696
KMT5C,15.58719,6.8950696
KIAA1841,15.58719,6.8950696
SRSF6,15.58719,6.8950696
FBXO30,15.58719,6.8950696
NPHS2,15.58719,6.8950696
ZBTB4,15.58719,6.8950696
NAE1,15.58719,6.8950696
MTSS1,15.58719,6.8950696
AGXT,15.58719,6.8950696
NCAM2,15.58719,6.8950696
LYN,15.58719,6.8950696
CYP4V2,15.58719,6.8950696
TRAF6,15.58719,6.8950696
CYP26A1,15.58719,6.8950696
SLCO1C1,15.58719,6.8950696
PROM1,15.58719,6.8950696
C12orf4,15.58719,6.8950696
DDX49,15.58719,6.8950696
PTPN9,15.58719,6.8950696
THOC5,15.58719,6.8950696
DDX51,15.58719,6.8950696
GP2,15.58719,6.8950696
SMAD5,15.58719,6.8950696
NEK11,15.58719,6.8950696
KIF21B,15.58719,6.8950696
TAX1BP1,15.58719,6.8950696
IP6K2,15.58719,6.8950696
GAB2,15.58719,6.8950696
RNF43,15.58719,6.8950696
ACTBL2,15.58719,6.8950696
GPT,15.58719,6.8950696
HAUS5,15.58719,6.8950696
SYTL1,15.58719,6.8950696
BARD1,15.58719,6.8950696
SGCA,15.58719,6.8950696
C1orf112,15.58719,6.8950696
PGM3,15.58719,6.8950696
ACE2,15.58719,6.8950696
PROM2,15.58719,6.8950696
HSPA4L,15.58719,6.8950696
FBXO41,15.58719,6.8950696
PLS3,15.58719,6.8950696
SLC22A6,15.58719,6.8950696
SMARCA2,15.58719,6.8950696
KMT2B,15.58719,6.8950696
IL4I1,15.58719,6.8950696
ECD,15.58719,6.8950696
CDH18,15.58719,6.8950696
ZBTB46,15.58719,6.8950696
NR1I3,15.58719,6.8950696
TBC1D30,15.58719,6.8950696
CSTF2,15.58719,6.8950696
OPRM1,15.58719,6.8950696
PTPN12,15.58719,6.8950696
TMEM63A,15.58719,6.8950696
COL18A1,15.58719,6.8950696
TNK1,15.58719,6.8950696
TULP3,15.58719,6.8950696
ACTR3,15.58719,6.8950696
CDH16,15.58719,6.8950696
SPICE1,15.58719,6.8950696
ZNF804A,15.58719,6.8950696
PTPN5,15.58719,6.8950696
ZNF420,15.58719,6.8950696
TFAP2D,15.58719,6.8950696
RXFP1,15.58719,6.8950696
CATSPERB,15.58719,6.8950696
ANKRD18A,15.58719,6.8950696
PRMT7,15.58719,6.8950696
TUBA3D,15.58719,6.8950696
KIAA1614,15.58719,6.8950696
ARHGAP28,15.58719,6.8950696
LRCH4,15.58719,6.8950696
HAGHL,15.58719,6.8950696
MFSD13A,15.58719,6.8950696
MGAT4B,15.58719,6.8950696
DDX25,15.58719,6.8950696
CPEB1,15.58719,6.8950696
KAT5,15.58719,6.8950696
JAKMIP3,15.58719,6.8950696
NACAD,15.58719,6.8950696
PXDNL,15.58719,6.8950696
CEP97,15.58719,6.8950696
PICK1,15.58719,6.8950696
MATN1,15.58719,6.8950696
EMILIN2,15.58719,6.8950696
BBS5,15.58719,6.8950696
ACSM2A,15.58719,6.8950696
IGDCC3,15.58719,6.8950696
DDX47,15.58719,6.8950696
ZP1,15.58719,6.8950696
CFAP69,15.58719,6.8950696
NT5E,15.58719,6.8950696
ZNF592,15.58719,6.8950696
PDLIM7,15.58719,6.8950696
ETV5,15.58719,6.8950696
PGS1,15.58719,6.8950696
PLEKHG2,15.58719,6.8950696
PAK5,15.58719,6.8950696
HPN,15.58719,6.8950696
SIX6,15.58719,6.8950696
RUBCNL,15.58719,6.8950696
CYP4A11,15.58719,6.8950696
ZYG11B,15.58719,6.8950696
MAPK8IP1,15.58719,6.8950696
CATSPER4,15.58719,6.8950696
FCRLB,15.58719,6.8950696
MON1B,15.58719,6.8950696
EPHA6,15.58719,6.8950696
PTGFRN,15.58719,6.8950696
SLC25A24,15.58719,6.8950696
DUSP13,15.58719,6.8950696
ADAT1,15.58719,6.8950696
FAM193A,15.58719,6.8950696
ANKRD30A,15.58719,6.8950696
CPNE6,15.58719,6.8950696
MTUS2,15.58719,6.8950696
TCP1,15.58719,6.8950696
YARS2,15.58719,6.8950696
GJC2,15.58719,6.8950696
SLC25A27,15.58719,6.8950696
CHAT,15.58719,6.8950696
CFAP52,15.58719,6.8950696
NPR3,15.58719,6.8950696
FAM129C,15.58719,6.8950696
CEP126,15.58719,6.8950696
MAMLD1,15.58719,6.8950696
BCL6,15.58719,6.8950696
ABHD18,15.58719,6.8950696
VAX1,15.58719,6.8950696
BRDT,15.58719,6.8950696
ABI1,15.58719,6.8950696
L2HGDH,15.58719,6.8950696
WDPCP,15.58719,6.8950696
KCNJ5,15.58719,6.8950696
SRRM5,15.58719,6.8950696
GOLGA1,15.58719,6.8950696
KRT17,15.58719,6.8950696
DET1,15.58719,6.8950696
NMT2,15.58719,6.8950696
KANK2,15.58719,6.8950696
ABL1,15.58719,6.8950696
PEAR1,15.58719,6.8950696
UNC79,15.58719,6.8950696
FAM20B,15.58719,6.8950696
GBX2,15.58719,6.8950696
MARS2,15.58719,6.8950696
KRT8,15.58719,6.8950696
SEC61A2,15.58719,6.8950696
CLASP2,15.58719,6.8950696
SYCP1,15.58719,6.8950696
CABP1,15.58719,6.8950696
IL12RB1,15.58719,6.8950696
ZP2,15.58719,6.8950696
SLC44A1,15.58719,6.8950696
SHMT1,15.58719,6.8950696
KAT14,15.58719,6.8950696
OSBPL11,15.58719,6.8950696
NETO2,15.58719,6.8950696
CDH26,15.58719,6.8950696
PCYT2,15.58719,6.8950696
NARS2,15.58719,6.8950696
ZCWPW1,15.58719,6.8950696
TESK1,15.58719,6.8950696
TTLL12,15.58719,6.8950696
ADD3,15.58719,6.8950696
ESF1,15.58719,6.8950696
GEMIN4,15.58719,6.8950696
CORO2A,15.58719,6.8950696
GATA5,15.58719,6.8950696
DDOST,15.58719,6.8950696
P4HA1,15.58719,6.8950696
CHTOP,15.58719,6.8950696
ZDHHC17,15.58719,6.8950696
GPAT4,15.58719,6.8950696
SLC24A2,15.58719,6.8950696
RBCK1,15.58719,6.8950696
TCHP,15.58719,6.8950696
MAP3K11,15.58719,6.8950696
CMIP,15.58719,6.8950696
CXXC1,15.58719,6.8950696
RNF111,15.58719,6.8950696
IDH1,15.58719,6.8950696
GLA,15.58719,6.8950696
HDAC10,15.58719,6.8950696
PCDHA5,15.58719,6.8950696
PCDHA2,15.58719,6.8950696
FRMPD2,15.58719,6.8950696
PHGDH,15.58719,6.8950696
VIPR2,15.58719,6.8950696
DHX9,15.58719,6.8950696
BICDL1,15.58719,6.8950696
CENPC,15.58719,6.8950696
CCP110,15.58719,6.8950696
CEP89,15.58719,6.8950696
MICU1,15.58719,6.8950696
WNT4,15.58719,6.8950696
TNFSF12,15.58719,6.8950696
SNX19,15.58719,6.8950696
SPAG1,15.58719,6.8950696
KYAT1,15.58719,6.8950696
ZBTB17,15.58719,6.8950696
TUBA3E,15.58719,6.8950696
MAP4,15.58719,6.8950696
GAD1,15.58719,6.8950696
COL3A1,15.58719,6.8950696
LPP,15.58719,6.8950696
PPIG,15.58719,6.8950696
FCHO1,15.58719,6.8950696
CASC1,15.58719,6.8950696
RCC1,15.58719,6.8950696
TNN,15.58719,6.8950696
GNA14,15.58719,6.8950696
OGG1,15.58719,6.8950696
LMTK2,15.58719,6.8950696
TLR9,15.58719,6.8950696
LZTS2,15.58719,6.8950696
GOT1,15.58719,6.8950696
ALDOC,15.58719,6.8950696
TASP1,15.58719,6.8950696
TTC39C,15.58719,6.8950696
NLRC5,15.58719,6.8950696
PCDHGA7,15.58719,6.8950696
SERPINH1,15.58719,6.8950696
ACSM2B,15.58719,6.8950696
SOX7,15.58719,6.8950696
BRAP,15.58719,6.8950696
SLC26A2,15.58719,6.8950696
RNF207,15.58719,6.8950696
STS,15.58719,6.8950696
CNOT10,15.58719,6.8950696
BMP6,15.58719,6.8950696
SEMA4F,15.58719,6.8950696
CKMT2,15.58719,6.8950696
GAB1,15.58719,6.8950696
TTC39A,15.58719,6.8950696
SLC7A6,15.58719,6.8950696
CPOX,15.58719,6.8950696
DSC2,15.58719,6.8950696
SLC44A5,15.58719,6.8950696
NAALADL1,15.58719,6.8950696
TBC1D25,15.58719,6.8950696
COASY,15.58719,6.8950696
SLC4A1AP,15.58719,6.8950696
ITIH3,15.58719,6.8950696
TNS4,15.58719,6.8950696
MASP2,15.58719,6.8950696
PHKG1,15.58719,6.8950696
ZNF546,15.58719,6.8950696
NAGA,15.58719,6.8950696
SHOX2,15.58719,6.8950696
TGFBR2,15.58719,6.8950696
PTPRS,15.58719,6.8950696
SESTD1,15.58719,6.8950696
CPNE9,15.58719,6.8950696
PPP1R12C,15.58719,6.8950696
CES5A,15.58719,6.8950696
ANKS3,15.58719,6.8950696
KANSL3,15.58719,6.8950696
PPP1R16A,15.58719,6.8950696
TGFBR3,15.58719,6.8950696
ARHGAP35,15.58719,6.8950696
MAPK10,15.58719,6.8950696
CCDC15,15.58719,6.8950696
ITPRID1,15.58719,6.8950696
COG2,15.58719,6.8950696
TRDN,15.58719,6.8950696
CHFR,15.58719,6.8950696
YARS,15.58719,6.8950696
ALX4,15.58719,6.8950696
GALNT13,15.58719,6.8950696
CBLC,15.58719,6.8950696
SACM1L,15.58719,6.8950696
KBTBD8,15.58719,6.8950696
DAGLB,15.58719,6.8950696
IFFO1,15.58719,6.8950696
PTPN1,15.58719,6.8950696
LIMS2,15.58719,6.8950696
GRAMD1C,15.58719,6.8950696
MAPK7,15.58719,6.8950696
TCTN3,15.58719,6.8950696
KRT14,15.58719,6.8950696
CCDC14,15.58719,6.8950696
ITGAV,15.58719,6.8950696
TYMP,15.58719,6.8950696
NKX2-1,15.58719,6.8950696
ZCCHC2,15.58719,6.8950696
RNF157,15.58719,6.8950696
SOX8,15.58719,6.8950696
JPH4,15.58719,6.8950696
ACTR10,15.58719,6.8950696
IQCN,15.58719,6.8950696
CAMKK2,15.58719,6.8950696
HK1,15.58719,6.8950696
CLN3,15.58719,6.8950696
LIPC,15.58719,6.8950696
PPP6R2,15.58719,6.8950696
ANGPTL2,15.58719,6.8950696
MSH3,15.58719,6.8950696
XRCC5,15.58719,6.8950696
ZMYM1,15.58719,6.8950696
SIMC1,15.58719,6.8950696
ARNT2,15.58719,6.8950696
KRT83,15.58719,6.8950696
GNA11,15.58719,6.8950696
KRT12,15.58719,6.8950696
PAOX,15.58719,6.8950696
DPY19L1,15.58719,6.8950696
IL6ST,15.58719,6.8950696
RPS6KB1,15.58719,6.8950696
WNT3,15.58719,6.8950696
KRT10,15.58719,6.8950696
ZNF780B,15.58719,6.8950696
TSPEAR,15.58719,6.8950696
RBM15B,15.58719,6.8950696
LGI2,15.58719,6.8950696
INTS10,15.58719,6.8950696
GNL1,15.58719,6.8950696
GAS2L2,15.58719,6.8950696
PLAA,15.58719,6.8950696
TBC1D15,15.58719,6.8950696
COL2A1,15.58719,6.8950696
PDLIM5,15.58719,6.8950696
AGAP1,15.58719,6.8950696
IDH2,15.58719,6.8950696
PDHA1,15.58719,6.8950696
KANSL2,15.58719,6.8950696
MATR3,15.58719,6.8950696
DBN1,15.58719,6.8950696
LNX1,15.58719,6.8950696
CRTAC1,15.58719,6.8950696
SNX9,15.58719,6.8950696
CHRNA1,15.58719,6.8950696
TNRC18,15.58719,6.8950696
DMGDH,15.58719,6.8950696
SLC37A3,15.58719,6.8950696
GNA13,15.58719,6.8950696
CPSF3,15.58719,6.8950696
SCARB1,15.58719,6.8950696
ARMH3,15.58719,6.8950696
GDF5,15.58719,6.8950696
GPR155,15.58719,6.8950696
VEPH1,15.58719,6.8950696
POLA2,15.58719,6.8950696
SEMA4C,15.58719,6.8950696
KRT15,15.58719,6.8950696
FDXR,15.58719,6.8950696
HOXD3,15.58719,6.8950696
ATP8A1,15.58719,6.8950696
HGD,15.58719,6.8950696
CPNE5,15.58719,6.8950696
ISY1,15.58719,6.8950696
APPL1,15.58719,6.8950696
TUFM,15.58719,6.8950696
CFP,15.58719,6.8950696
RTKN2,15.58719,6.8950696
SPATA31E1,15.58719,6.8950696
PLRG1,15.58719,6.8950696
TPTE2,15.58719,6.8950696
P2RX2,15.58719,6.8950696
PTCD1,15.58719,6.8950696
PPP1R13L,15.58719,6.8950696
ETF1,15.58719,6.8950696
CASD1,15.58719,6.8950696
DOLK,15.58719,6.8950696
TAF5L,15.58719,6.8950696
SIAE,15.58719,6.8950696
KLHL30,15.58719,6.8950696
SPIRE1,15.58719,6.8950696
WDR33,15.58719,6.8950696
ATE1,15.58719,6.8950696
MAT1A,15.58719,6.8950696
SLC7A9,15.58719,6.8950696
RNF19A,15.58719,6.8950696
LTF,15.58719,6.8950696
SLC30A9,15.58719,6.8950696
CLIP4,15.58719,6.8950696
EIF3L,15.58719,6.8950696
SLC22A4,15.58719,6.8950696
CPNE2,15.58719,6.8950696
PSMC1,15.58719,6.8950696
DDX58,15.58719,6.8950696
USP47,15.58719,6.8950696
BICD2,15.58719,6.8950696
ANKRD13B,15.58719,6.8950696
ZNF227,15.58719,6.8950696
RYK,15.58719,6.8950696
FXR1,15.58719,6.8950696
PCDH20,15.58719,6.8950696
NT5C1B,15.58719,6.8950696
SYNE3,15.58719,6.8950696
CCT2,15.58719,6.8950696
NEU1,15.58719,6.8950696
GPT2,15.58719,6.8950696
CPEB3,15.58719,6.8950696
MOXD1,15.58719,6.8950696
SELENOO,15.58719,6.8950696
TPX2,15.58719,6.8950696
PDZD2,15.58719,6.8950696
ALG3,15.58719,6.8950696
TMEM132D,15.58719,6.8950696
PPP2R1B,15.58719,6.8950696
DONSON,15.58719,6.8950696
FNBP1L,15.58719,6.8950696
ADD1,15.58719,6.8950696
ANGEL2,15.58719,6.8950696
ARHGEF12,15.58719,6.8950696
TXK,15.58719,6.8950696
SEC23A,15.58719,6.8950696
RAB11FIP1,15.58719,6.8950696
POMGNT2,15.58719,6.8950696
SNX25,15.58719,6.8950696
CYP11A1,15.58719,6.8950696
GPATCH2L,15.58719,6.8950696
PTGS2,15.58719,6.8950696
NUGGC,15.58719,6.8950696
PROX1,15.58719,6.8950696
PAN3,15.58719,6.8950696
SALL4,15.58719,6.8950696
RAP1GAP,15.58719,6.8950696
TMCO4,15.58719,6.8950696
MAP7D1,15.58719,6.8950696
ZNF197,15.58719,6.8950696
MGAT1,15.58719,6.8950696
SORT1,15.58719,6.8950696
RBMX,15.58719,6.8950696
ELMO3,15.58719,6.8950696
SLC27A4,15.58719,6.8950696
DSG2,15.58719,6.8950696
SLC27A1,15.58719,6.8950696
SH3RF1,15.58719,6.8950696
GLDN,15.58719,6.8950696
TGFB1I1,15.58719,6.8950696
TNNT2,15.58719,6.8950696
STK4,15.58719,6.8950696
ARHGAP17,15.58719,6.8950696
CYP2R1,15.58719,6.8950696
FAM126B,15.58719,6.8950696
LHX9,15.58719,6.8950696
SLC12A6,15.58719,6.8950696
SPIRE2,15.58719,6.8950696
OSMR,15.58719,6.8950696
MED17,15.58719,6.8950696
F9,15.58719,6.8950696
LARP4,15.58719,6.8950696
DEF6,15.58719,6.8950696
CCDC22,15.58719,6.8950696
PAN2,15.58719,6.8950696
KBTBD7,15.58719,6.8950696
KIDINS220,15.58719,6.8950696
DEF8,15.58719,6.8950696
GANC,15.58719,6.8950696
KDM4A,15.58719,6.8950696
FIGNL1,15.58719,6.8950696
TMEM151B,15.58719,6.8950696
DDX1,15.58719,6.8950696
HDAC3,15.58719,6.8950696
DEPDC1,15.58719,6.8950696
TMEM214,15.58719,6.8950696
POLN,15.58719,6.8950696
HOOK3,15.58719,6.8950696
PCDHAC1,15.58719,6.8950696
USP10,15.58719,6.8950696
PHF19,15.58719,6.8950696
AMPH,15.58719,6.8950696
WDR46,15.58719,6.8950696
TFAP2E,15.58719,6.8950696
MEP1A,15.58719,6.8950696
A1CF,15.58719,6.8950696
SLC15A1,15.58719,6.8950696
FLAD1,15.58719,6.8950696
SETD3,15.58719,6.8950696
IFFO2,15.58719,6.8950696
RUVBL1,15.58719,6.8950696
SPTY2D1,15.58719,6.8950696
SMC1A,15.58719,6.8950696
ZNF804B,15.58719,6.8950696
OTUD7B,15.58719,6.8950696
DCLRE1C,15.58719,6.8950696
WDR75,15.58719,6.8950696
EEF1D,15.58719,6.8950696
TMEM132C,15.58719,6.8950696
GNPAT,15.58719,6.8950696
MICALL1,15.58719,6.8950696
SYT16,15.58719,6.8950696
DAZAP1,15.58719,6.8950696
MYCBPAP,15.58719,6.8950696
NRBP2,15.58719,6.8950696
PPAN,15.58719,6.8950696
TMEM245,15.58719,6.8950696
PIDD1,15.58719,6.8950696
DDX23,15.58719,6.8950696
ARCN1,15.58719,6.8950696
ROBO4,15.58719,6.8950696
CLCA1,15.58719,6.8950696
ESRP2,15.58719,6.8950696
HHIPL2,15.58719,6.8950696
CSF3R,15.58719,6.8950696
GAREM1,15.58719,6.8950696
LINGO1,15.58719,6.8950696
EFHB,15.58719,6.8950696
TUBGCP2,15.58719,6.8950696
GMDS,15.58719,6.8950696
MLLT6,15.58719,6.8950696
GALNT1,15.58719,6.8950696
FEM1A,15.58719,6.8950696
ZFC3H1,15.58719,6.8950696
ANKRD6,15.58719,6.8950696
GRK3,15.58719,6.8950696
GRHL1,15.58719,6.8950696
GRHL2,15.58719,6.8950696
FHDC1,15.58719,6.8950696
SRPK1,15.58719,6.8950696
EZH2,15.58719,6.8950696
SCFD1,15.58719,6.8950696
PAPLN,15.58719,6.8950696
SPAG16,15.58719,6.8950696
DNAJC11,15.58719,6.8950696
NUMBL,15.58719,6.8950696
PELP1,15.58719,6.8950696
PCDHGB4,15.58719,6.8950696
WEE1,15.58719,6.8950696
CDK17,15.58719,6.8950696
ADSSL1,15.58719,6.8950696
GABRA5,15.58719,6.8950696
MCMBP,15.58719,6.8950696
OBSL1,15.58719,6.8950696
CHRNB1,15.58719,6.8950696
ZFP28,15.58719,6.8950696
EXO1,15.58719,6.8950696
ATP10D,15.58719,6.8950696
HHIPL1,15.58719,6.8950696
NCL,15.58719,6.8950696
RAI14,15.58719,6.8950696
THNSL1,15.58719,6.8950696
TRIP10,15.58719,6.8950696
SGIP1,15.58719,6.8950696
SAFB,15.58719,6.8950696
SAFB2,15.58719,6.8950696
ALDOA,15.58719,6.8950696
IRF6,15.58719,6.8950696
SH3BP2,15.58719,6.8950696
PTPRD,15.58719,6.8950696
KLHL15,15.58719,6.8950696
ADGRE2,15.58719,6.8950696
KIAA1755,15.58719,6.8950696
PTPRT,15.58719,6.8950696
TIMM44,15.58719,6.8950696
CRISPLD2,15.58719,6.8950696
ARMC3,15.58719,6.8950696
RUVBL2,15.58719,6.8950696
TMEM87A,15.58719,6.8950696
ARPP21,15.58719,6.8950696
ARHGEF15,15.58719,6.8950696
SAMD4B,15.58719,6.8950696
AIRE,15.58719,6.8950696
MYB,15.58719,6.8950696
PGM5,15.58719,6.8950696
LIPG,15.58719,6.8950696
KRT1,15.58719,6.8950696
CSNK1G1,15.58719,6.8950696
PKD2L2,15.58719,6.8950696
ZNF827,15.58719,6.8950696
LRRC41,15.58719,6.8950696
ZNF532,15.58719,6.8950696
CHRNA3,15.58719,6.8950696
AXDND1,15.58719,6.8950696
ANKLE1,15.58719,6.8950696
CASC3,15.58719,6.8950696
IGSF10,15.58719,6.8950696
ZNF445,15.58719,6.8950696
FGD3,15.58719,6.8950696
COQ8A,15.58719,6.8950696
KBTBD12,15.58719,6.8950696
PRKCSH,15.58719,6.8950696
FOCAD,15.58719,6.8950696
INTS3,15.58719,6.8950696
ESPNL,15.58719,6.8950696
NOX1,15.58719,6.8950696
DUOX1,15.58719,6.8950696
TDRD7,15.58719,6.8950696
NLRP14,15.58719,6.8950696
SETD1B,15.58719,6.8950696
WDR24,15.58719,6.8950696
TM9SF2,15.58719,6.8950696
TAF3,15.58719,6.8950696
LMF2,15.58719,6.8950696
MAP2K2,15.58719,6.8950696
NGEF,15.58719,6.8950696
MN1,15.58719,6.8950696
CYP4F22,15.58719,6.8950696
RAPSN,15.58719,6.8950696
TGM5,15.58719,6.8950696
NELFB,15.58719,6.8950696
LGR4,15.58719,6.8950696
SOGA3,15.58719,6.8950696
CPSF6,15.58719,6.8950696
WWOX,15.58719,6.8950696
RXRA,15.58719,6.8950696
RBPJL,15.58719,6.8950696
EPS8,15.58719,6.8950696
PSD2,15.58719,6.8950696
SH3TC1,15.58719,6.8950696
WIZ,15.58719,6.8950696
CEBPZ,15.58719,6.8950696
OAT,15.58719,6.8950696
ARHGEF10,15.58719,6.8950696
CCDC80,15.58719,6.8950696
UROD,15.58719,6.8950696
NOTUM,15.58719,6.8950696
TPH1,15.58719,6.8950696
NCKIPSD,15.58719,6.8950696
ANKLE2,15.58719,6.8950696
KCNV1,15.58719,6.8950696
TAF1C,15.58719,6.8950696
NLRP6,15.58719,6.8950696
AIFM3,15.58719,6.8950696
SFSWAP,15.58719,6.8950696
FAM160B1,15.58719,6.8950696
ACTC1,15.58719,6.8950696
TBC1D14,15.58719,6.8950696
OLFM2,15.58719,6.8950696
TKTL1,15.58719,6.8950696
SLC4A2,15.58719,6.8950696
TXLNB,15.58719,6.8950696
PCDHA3,15.58719,6.8950696
SLCO2A1,15.58719,6.8950696
ZNF341,15.58719,6.8950696
CERS2,15.58719,6.8950696
NEXN,15.58719,6.8950696
IRX6,15.58719,6.8950696
RBM12B,15.58719,6.8950696
LRCH2,15.58719,6.8950696
KLHL24,15.58719,6.8950696
CYP27A1,15.58719,6.8950696
CPEB4,15.58719,6.8950696
MED16,15.58719,6.8950696
G2E3,15.58719,6.8950696
MITF,15.58719,6.8950696
AK5,15.58719,6.8950696
WNT3A,15.58719,6.8950696
ZNF432,15.58719,6.8950696
THAP4,15.58719,6.8950696
NR1H4,15.58719,6.8950696
DPY19L4,15.58719,6.8950696
SLC44A4,15.58719,6.8950696
RGL2,15.58719,6.8950696
SLF2,15.58719,6.8950696
ZFYVE28,15.58719,6.8950696
TUBA1B,15.58719,6.8950696
PGGHG,15.58719,6.8950696
FIGN,15.58719,6.8950696
ARHGAP4,15.58719,6.8950696
SLC34A2,15.58719,6.8950696
NPNT,15.58719,6.8950696
TAB2,15.58719,6.8950696
HARS,15.58719,6.8950696
NR1D2,15.58719,6.8950696
LUZP1,15.58719,6.8950696
C8A,15.58719,6.8950696
ZBED9,15.58719,6.8950696
ACTG2,15.58719,6.8950696
PGBD3,15.58719,6.8950696
RIN3,15.58719,6.8950696
SLC7A4,15.58719,6.8950696
AGAP2,15.58719,6.8950696
ATP5F1B,15.58719,6.8950696
PDXDC1,15.58719,6.8950696
CORIN,15.58719,6.8950696
USP42,15.58719,6.8950696
HGS,15.58719,6.8950696
SNRNP70,15.58719,6.8950696
XPO1,15.58719,6.8950696
RASGRP4,15.58719,6.8950696
RABEP1,15.58719,6.8950696
F7,15.58719,6.8950696
PHTF2,15.58719,6.8950696
KCNJ8,15.58719,6.8950696
PHLDB3,15.58719,6.8950696
ARMC5,15.58719,6.8950696
SP110,15.58719,6.8950696
ASIC2,15.58719,6.8950696
ARX,15.58719,6.8950696
CCHCR1,15.58719,6.8950696
MAP7,15.58719,6.8950696
PRMT5,15.58719,6.8950696
GABRG3,15.58719,6.8950696
ZNF507,15.58719,6.8950696
TM9SF3,15.58719,6.8950696
PPARA,15.58719,6.8950696
SCAPER,15.58719,6.8950696
CCDC30,15.58719,6.8950696
SLC7A3,15.58719,6.8950696
DNAJC7,15.58719,6.8950696
RABGGTA,15.58719,6.8950696
WNT6,15.58719,6.8950696
PCSK9,15.58719,6.8950696
FAM20A,15.58719,6.8950696
WNT10B,15.58719,6.8950696
XPO5,15.58719,6.8950696
KCNJ14,15.58719,6.8950696
PADI2,15.58719,6.8950696
SLITRK3,15.58719,6.8950696
SPRED1,15.58719,6.8950696
AP4B1,15.58719,6.8950696
ARHGAP11A,15.58719,6.8950696
PPARGC1B,15.58719,6.8950696
PTPDC1,15.58719,6.8950696
ARID1A,15.58719,6.8950696
IFT81,15.58719,6.8950696
GCKR,15.58719,6.8950696
RGL1,15.58719,6.8950696
RFWD3,15.58719,6.8950696
UTP25,15.58719,6.8950696
JADE1,15.58719,6.8950696
CHDH,15.58719,6.8950696
CCDC191,15.58719,6.8950696
BRAT1,15.58719,6.8950696
CAMK2B,15.58719,6.8950696
EPB42,15.58719,6.8950696
COL8A1,15.58719,6.8950696
PIWIL3,15.58719,6.8950696
SLC3A2,15.58719,6.8950696
EVI5,15.58719,6.8950696
ABCG8,15.58719,6.8950696
HDC,15.58719,6.8950696
COL4A4,15.58719,6.8950696
EVX1,15.58719,6.8950696
SYNPO2L,15.58719,6.8950696
MFSD2A,15.58719,6.8950696
ZRSR2,15.58719,6.8950696
ATG16L1,15.58719,6.8950696
VPS11,15.58719,6.8950696
CEP95,15.58719,6.8950696
HTR3A,15.58719,6.8950696
PDCD6IP,15.58719,6.8950696
ZNF280D,15.58719,6.8950696
NOL8,15.58719,6.8950696
XKR4,15.58719,6.8950696
ASB2,15.58719,6.8950696
INO80D,15.58719,6.8950696
PRKN,15.58719,6.8950696
ACOXL,15.58719,6.8950696
TESK2,15.58719,6.8950696
ATL1,15.58719,6.8950696
ANKS6,15.58719,6.8950696
ZSCAN20,15.58719,6.8950696
PDE1A,15.58719,6.8950696
HOOK2,15.58719,6.8950696
SYNJ2,15.58719,6.8950696
NOC3L,15.58719,6.8950696
FKBP9,15.58719,6.8950696
CDH11,15.58719,6.8950696
WASL,15.58719,6.8950696
GNS,15.58719,6.8950696
HEATR4,15.58719,6.8950696
ARHGAP19-SLIT1,15.58719,6.8950696
SEMA6B,15.58719,6.8950696
SEPSECS,15.58719,6.8950696
MPP3,15.58719,6.8950696
ISYNA1,15.58719,6.8950696
KLHL13,15.58719,6.8950696
MELTF,15.58719,6.8950696
BUB1,15.58719,6.8950696
MCF2,15.58719,6.8950696
UFL1,15.58719,6.8950696
PIGT,15.58719,6.8950696
ARHGEF17,15.58719,6.8950696
BRINP1,15.58719,6.8950696
FRMD3,15.58719,6.8950696
PPFIA1,15.58719,6.8950696
FECH,15.58719,6.8950696
FAM171A1,15.58719,6.8950696
DAG1,15.58719,6.8950696
SLC9C2,15.58719,6.8950696
MIGA2,15.58719,6.8950696
HEXB,15.58719,6.8950696
FAH,15.58719,6.8950696
WNT5B,15.58719,6.8950696
RALGPS1,15.58719,6.8950696
GRIK5,15.58719,6.8950696
RPL4,15.58719,6.8950696
GALNT4,15.58719,6.8950696
PAFAH1B1,15.58719,6.8950696
EPAS1,15.58719,6.8950696
KCNG4,15.58719,6.8950696
POU2F2,15.58719,6.8950696
MMP2,15.58719,6.8950696
ZMYND15,15.58719,6.8950696
TUBA8,15.58719,6.8950696
STK31,15.58719,6.8950696
NR5A1,15.58719,6.8950696
LMLN,15.58719,6.8950696
DDX24,15.58719,6.8950696
EMILIN1,15.58719,6.8950696
ZNF14,15.58719,6.8950696
EVI5L,15.58719,6.8950696
FRK,15.58719,6.8950696
EPS8L1,15.58719,6.8950696
IDS,15.58719,6.8950696
DDHD2,15.58719,6.8950696
ALDH18A1,15.58719,6.8950696
KLHL9,15.58719,6.8950696
LHX6,15.58719,6.8950696
ADGRF5,15.58719,6.8950696
MAP3K4,15.58719,6.8950696
DLL3,15.58719,6.8950696
ZNF709,15.58719,6.8950696
RADIL,15.58719,6.8950696
SOAT2,15.58719,6.8950696
SETMAR,15.58719,6.8950696
HBP1,15.58719,6.8950696
CCDC39,15.58719,6.8950696
FGGY,15.58719,6.8950696
TULP2,15.58719,6.8950696
SLU7,15.58719,6.8950696
SYNPO,15.58719,6.8950696
SSH3,15.58719,6.8950696
NPHP1,15.58719,6.8950696
SEZ6L2,15.58719,6.8950696
UBTF,15.58719,6.8950696
E2F8,15.58719,6.8950696
SEPT5,15.58719,6.8950696
CCDC142,15.58719,6.8950696
ANKRD50,15.58719,6.8950696
HS6ST2,15.58719,6.8950696
ZBTB38,15.58719,6.8950696
STRBP,15.58719,6.8950696
SENP1,15.58719,6.8950696
AP5Z1,15.58719,6.8950696
PLXNB1,15.58719,6.8950696
ZNF512B,15.58719,6.8950696
DDB1,15.58719,6.8950696
WASHC5,15.58719,6.8950696
TMEM132B,15.58719,6.8950696
TWNK,15.58719,6.8950696
WDR44,15.58719,6.8950696
AMOTL2,15.58719,6.8950696
ENOX1,15.58719,6.8950696
TP53,15.58719,6.8950696
CHPF,15.58719,6.8950696
NLN,15.58719,6.8950696
VPS4B,15.58719,6.8950696
ACSF2,15.58719,6.8950696
KCNA4,15.58719,6.8950696
CTTN,15.58719,6.8950696
AHCY,15.58719,6.8950696
RGS6,15.58719,6.8950696
PCDHGB2,15.58719,6.8950696
CACNB3,15.58719,6.8950696
VTN,15.58719,6.8950696
PER3,15.58719,6.8950696
ITGB7,15.58719,6.8950696
PLCD3,15.58719,6.8950696
MAP7D2,15.58719,6.8950696
KLHL31,15.58719,6.8950696
DCBLD2,15.58719,6.8950696
PIK3R2,15.58719,6.8950696
TUBB1,15.58719,6.8950696
ACSS3,15.58719,6.8950696
RUFY2,15.58719,6.8950696
DSE,15.58719,6.8950696
SF3A1,15.58719,6.8950696
RXRG,15.58719,6.8950696
ANAPC5,15.58719,6.8950696
ALPP,15.58719,6.8950696
KLHL11,15.58719,6.8950696
GLI1,15.58719,6.8950696
TUBB4B,15.58719,6.8950696
RINT1,15.58719,6.8950696
ERMP1,15.58719,6.8950696
ITGBL1,15.58719,6.8950696
GSE1,15.58719,6.8950696
SLCO5A1,15.58719,6.8950696
ZFR2,15.58719,6.8950696
ZNF337,15.58719,6.8950696
GRK6,15.58719,6.8950696
KAT7,15.58719,6.8950696
FGFR3,15.58719,6.8950696
APBA1,15.58719,6.8950696
SFMBT1,15.58719,6.8950696
SELP,15.58719,6.8950696
CNTROB,15.58719,6.8950696
RSBN1L,15.58719,6.8950696
SKIV2L,15.58719,6.8950696
LGI3,15.58719,6.8950696
KLC4,15.58719,6.8950696
MIPEP,15.58719,6.8950696
LNPEP,15.58719,6.8950696
FGR,15.58719,6.8950696
DLGAP5,15.58719,6.8950696
GNA12,15.58719,6.8950696
PNKD,15.58719,6.8950696
NAGLU,15.58719,6.8950696
USP2,15.58719,6.8950696
TPM3,15.58719,6.8950696
RGL3,15.58719,6.8950696
ARHGAP24,15.58719,6.8950696
MOCOS,15.58719,6.8950696
ANKFY1,15.58719,6.8950696
ARHGAP32,15.58719,6.8950696
TRIP4,15.58719,6.8950696
NLRP2,15.58719,6.8950696
PLK4,15.58719,6.8950696
TAB3,15.58719,6.8950696
NAGS,15.58719,6.8950696
ASH2L,15.58719,6.8950696
RPS6KC1,15.58719,6.8950696
HTRA1,15.58719,6.8950696
PLA2G15,15.58719,6.8950696
LRSAM1,15.58719,6.8950696
ADGRE1,15.58719,6.8950696
ABCG4,15.58719,6.8950696
EVC,15.58719,6.8950696
BMPR1B,15.58719,6.8950696
KLC3,15.58719,6.8950696
PFKFB4,15.58719,6.8950696
KLKB1,15.58719,6.8950696
MMP9,15.58719,6.8950696
LIPE,15.58719,6.8950696
ADGRD1,15.58719,6.8950696
RCBTB2,15.58719,6.8950696
PRKAR1A,15.58719,6.8950696
ARHGEF3,15.58719,6.8950696
MPP4,15.58719,6.8950696
PCDHGA3,15.58719,6.8950696
PRX,15.58719,6.8950696
RUFY3,15.58719,6.8950696
PABPC1,15.58719,6.8950696
KLHL22,15.58719,6.8950696
ARHGAP10,15.58719,6.8950696
SUPT20H,15.58719,6.8950696
BSCL2,15.58719,6.8950696
OSBPL10,15.58719,6.8950696
UBN1,15.58719,6.8950696
PCDHGC5,15.58719,6.8950696
CALD1,15.58719,6.8950696
MYSM1,15.58719,6.8950696
COL4A2,15.58719,6.8950696
PRC1,15.58719,6.8950696
ACTA2,15.58719,6.8950696
NOD1,15.58719,6.8950696
PRPF4,15.58719,6.8950696
RPTN,15.58719,6.8950696
GRN,15.58719,6.8950696
ANAPC1,15.58719,6.8950696
PES1,15.58719,6.8950696
TBC1D2B,15.58719,6.8950696
SLC38A10,15.58719,6.8950696
SH3PXD2B,15.58719,6.8950696
TBC1D12,15.58719,6.8950696
RUNX3,15.58719,6.8950696
SUN2,15.58719,6.8950696
ITPRID2,15.58719,6.8950696
MBTD1,15.58719,6.8950696
SF3A3,15.58719,6.8950696
COG3,15.58719,6.8950696
STOX2,15.58719,6.8950696
COQ8B,15.58719,6.8950696
KATNB1,15.58719,6.8950696
PORCN,15.58719,6.8950696
FOXRED1,15.58719,6.8950696
SLC6A15,15.58719,6.8950696
OAS3,15.58719,6.8950696
POLR3E,15.58719,6.8950696
DNAJC16,15.58719,6.8950696
CCNF,15.58719,6.8950696
LRCH1,15.58719,6.8950696
TBC1D5,15.58719,6.8950696
IRF5,15.58719,6.8950696
SLC11A2,15.58719,6.8950696
WBSCR16,15.58719,6.8950696
MEP1B,15.58719,6.8950696
SPATA31D1,15.58719,6.8950696
SYDE2,15.58719,6.8950696
CYBB,15.58719,6.8950696
IVD,15.58719,6.8950696
WSCD1,15.58719,6.8950696
GLS2,15.58719,6.8950696
RASEF,15.58719,6.8950696
WNT1,15.58719,6.8950696
EXT2,15.58719,6.8950696
ZBTB41,15.58719,6.8950696
TUBA4A,15.58719,6.8950696
MAP3K7,15.58719,6.8950696
SLC5A8,15.58719,6.8950696
CCT4,15.58719,6.8950696
FKBP10,15.58719,6.8950696
STIL,15.58719,6.8950696
TELO2,15.58719,6.8950696
CPED1,15.58719,6.8950696
KLHL6,15.58719,6.8950696
RFT1,15.58719,6.8950696
FRMD6,15.58719,6.8950696
CREB3L3,15.58719,6.8950696
MOCS1,15.58719,6.8950696
HDAC9,15.58719,6.8950696
PKP2,15.58719,6.8950696
SMO,15.58719,6.8950696
MYOCD,15.58719,6.8950696
D2HGDH,15.58719,6.8950696
RPS6KA5,15.58719,6.8950696
ADAMTS19,15.58719,6.8950696
TRIM36,15.58719,6.8950696
UBASH3B,15.58719,6.8950696
NR4A1,15.58719,6.8950696
SRP72,15.58719,6.8950696
ZMIZ2,15.58719,6.8950696
SUOX,15.58719,6.8950696
FSTL5,15.58719,6.8950696
TPTE,15.58719,6.8950696
CHST3,15.58719,6.8950696
ALG13,15.58719,6.8950696
SPTLC1,15.58719,6.8950696
DNAAF5,15.58719,6.8950696
ACVR1,15.58719,6.8950696
SLC2A1,15.58719,6.8950696
LEF1,15.58719,6.8950696
TTC7A,15.58719,6.8950696
NPEPPS,15.58719,6.8950696
CCDC93,15.58719,6.8950696
GTPBP4,15.58719,6.8950696
WDR70,15.58719,6.8950696
GRAMD1A,15.58719,6.8950696
CLIP3,15.58719,6.8950696
SLC43A2,15.58719,6.8950696
KIF14,15.58719,6.8950696
KCNA1,15.58719,6.8950696
ARSK,15.58719,6.8950696
JCAD,15.58719,6.8950696
ACVR1C,15.58719,6.8950696
CAPN6,15.58719,6.8950696
ZRANB1,15.58719,6.8950696
FAM13B,15.58719,6.8950696
L3MBTL2,15.58719,6.8950696
LSG1,15.58719,6.8950696
RPA1,15.58719,6.8950696
TLE1,15.58719,6.8950696
RNGTT,15.58719,6.8950696
MTRR,15.58719,6.8950696
WDR91,15.58719,6.8950696
SLCO2B1,15.58719,6.8950696
PDZRN3,15.58719,6.8950696
ATP7A,15.58719,6.8950696
XRCC1,15.58719,6.8950696
WNT5A,15.58719,6.8950696
FMNL2,15.58719,6.8950696
DDX10,15.58719,6.8950696
PSEN2,15.58719,6.8950696
GOLGA4,15.58719,6.8950696
SELENON,15.58719,6.8950696
ABCB7,15.58719,6.8950696
PDE2A,15.58719,6.8950696
VPS51,15.58719,6.8950696
GALNT6,15.58719,6.8950696
SLC2A13,15.58719,6.8950696
SEMA4B,15.58719,6.8950696
UBA1,15.58719,6.8950696
CDH15,15.58719,6.8950696
KIF12,15.58719,6.8950696
SLC25A23,15.58719,6.8950696
EFHC1,15.58719,6.8950696
PACS2,15.58719,6.8950696
DLGAP3,15.58719,6.8950696
KCNJ9,15.58719,6.8950696
KIAA0319L,15.58719,6.8950696
GABRR1,15.58719,6.8950696
RFX2,15.58719,6.8950696
AMDHD2,15.58719,6.8950696
KCNK4,15.58719,6.8950696
RARS,15.58719,6.8950696
TRPM8,15.58719,6.8950696
SLC14A2,15.58719,6.8950696
PCDHGA2,15.58719,6.8950696
COL5A3,15.58719,6.8950696
GMPPA,15.58719,6.8950696
CDH9,15.58719,6.8950696
GOLIM4,15.58719,6.8950696
ZKSCAN2,15.58719,6.8950696
LGR6,15.58719,6.8950696
SLC2A4,15.58719,6.8950696
NOC2L,15.58719,6.8950696
HCN1,15.58719,6.8950696
GSN,15.58719,6.8950696
IKBKE,15.58719,6.8950696
AKAP12,15.58719,6.8950696
SHMT2,15.58719,6.8950696
GOLGA2,15.58719,6.8950696
SART1,15.58719,6.8950696
ANO3,15.58719,6.8950696
PGR,15.58719,6.8950696
ARSJ,15.58719,6.8950696
TGFBR1,15.58719,6.8950696
LGI4,15.58719,6.8950696
TSHR,15.58719,6.8950696
STOML2,15.58719,6.8950696
LIG4,15.58719,6.8950696
TMTC4,15.58719,6.8950696
ENGASE,15.58719,6.8950696
MCM10,15.58719,6.8950696
ANGEL1,15.58719,6.8950696
BAHD1,15.58719,6.8950696
TYR,15.58719,6.8950696
ICA1,15.58719,6.8950696
RASGRP1,15.58719,6.8950696
YES1,15.58719,6.8950696
SLC5A7,15.58719,6.8950696
G6PD,15.58719,6.8950696
USP44,15.58719,6.8950696
GPRASP1,15.58719,6.8950696
TXNRD2,15.58719,6.8950696
WDR86,15.58719,6.8950696
FOXP4,15.58719,6.8950696
TRMT1,15.58719,6.8950696
IFIH1,15.58719,6.8950696
RUNX1,15.58719,6.8950696
PCDH18,15.58719,6.8950696
MATK,15.58719,6.8950696
PALD1,15.58719,6.8950696
SPIDR,15.58719,6.8950696
DIXDC1,15.58719,6.8950696
AIFM1,15.58719,6.8950696
SCAI,15.58719,6.8950696
ALG8,15.58719,6.8950696
IL16,15.58719,6.8950696
LONRF1,15.58719,6.8950696
FCHSD1,15.58719,6.8950696
COBL,15.58719,6.8950696
INTS5,15.58719,6.8950696
SIX4,15.58719,6.8950696
TDRD12,15.58719,6.8950696
ERAP1,15.58719,6.8950696
SLC26A11,15.58719,6.8950696
SMARCA1,15.58719,6.8950696
ACOT11,15.58719,6.8950696
WDR49,15.58719,6.8950696
SCARF2,15.58719,6.8950696
ACSS1,15.58719,6.8950696
ST7,15.58719,6.8950696
ACAA1,15.58719,6.8950696
ADAM17,15.58719,6.8950696
VANGL1,15.58719,6.8950696
USP6NL,15.58719,6.8950696
DAGLA,15.58719,6.8950696
SNX14,15.58719,6.8950696
SMAD9,15.58719,6.8950696
ZNF418,15.58719,6.8950696
DQX1,15.58719,6.8950696
FCHSD2,15.58719,6.8950696
SOX13,15.58719,6.8950696
SAP130,15.58719,6.8950696
NBR1,15.58719,6.8950696
ACADS,15.58719,6.8950696
MCM7,15.58719,6.8950696
SLC44A2,15.58719,6.8950696
GLS,15.58719,6.8950696
SNCAIP,15.58719,6.8950696
STON1-GTF2A1L,15.58719,6.8950696
PML,15.58719,6.8950696
TUBA1C,15.58719,6.8950696
SDAD1,15.58719,6.8950696
BMP1,15.58719,6.8950696
NPAS3,15.58719,6.8950696
HELQ,15.58719,6.8950696
TCF7,15.58719,6.8950696
IRF8,15.58719,6.8950696
SPTLC3,15.58719,6.8950696
DNAI2,15.58719,6.8950696
BCAR3,15.58719,6.8950696
IHH,15.58719,6.8950696
FRMD8,15.58719,6.8950696
SLC22A5,15.58719,6.8950696
FARSA,15.58719,6.8950696
FZD9,15.58719,6.8950696
EFEMP2,15.58719,6.8950696
NLGN4X,15.58719,6.8950696
GEMIN5,15.58719,6.8950696
AACS,15.58719,6.8950696
NCAPG2,15.58719,6.8950696
SIPA1L3,15.58719,6.8950696
NTNG2,15.58719,6.8950696
PHC3,15.58719,6.8950696
SLC19A1,15.58719,6.8950696
ENTPD7,15.58719,6.8950696
PCDHGB1,15.58719,6.8950696
P3H2,15.58719,6.8950696
POU2F1,15.58719,6.8950696
ALPK1,15.58719,6.8950696
SUGP2,15.58719,6.8950696
GLE1,15.58719,6.8950696
ARHGAP12,15.58719,6.8950696
KANSL1L,15.58719,6.8950696
AGBL3,15.58719,6.8950696
MAN2C1,15.58719,6.8950696
IQCH,15.58719,6.8950696
RPRD2,15.58719,6.8950696
ARMC8,15.58719,6.8950696
TINAGL1,15.58719,6.8950696
SLC12A7,15.58719,6.8950696
PCDHA11,15.58719,6.8950696
HIF1A,15.58719,6.8950696
TDRD1,15.58719,6.8950696
ZBTB10,15.58719,6.8950696
PCDH9,15.58719,6.8950696
SNX27,15.58719,6.8950696
CATSPERG,15.58719,6.8950696
TM7SF2,15.58719,6.8950696
CERCAM,15.58719,6.8950696
METTL13,15.58719,6.8950696
SYNRG,15.58719,6.8950696
MYRIP,15.58719,6.8950696
NFS1,15.58719,6.8950696
SPAG5,15.58719,6.8950696
SNW1,15.58719,6.8950696
DPF3,15.58719,6.8950696
SLC26A10,15.58719,6.8950696
TTLL6,15.58719,6.8950696
HEXDC,15.58719,6.8950696
MCM9,15.58719,6.8950696
SMARCB1,15.58719,6.8950696
CHST6,15.58719,6.8950696
PHF20,15.58719,6.8950696
CFAP58,15.58719,6.8950696
UXS1,15.58719,6.8950696
SLC40A1,15.58719,6.8950696
PGM1,15.58719,6.8950696
APBB2,15.58719,6.8950696
VWA2,15.58719,6.8950696
CSK,15.58719,6.8950696
RARB,15.58719,6.8950696
CCDC136,15.58719,6.8950696
ARSE,15.58719,6.8950696
MFAP1,15.58719,6.8950696
CHRNB2,15.58719,6.8950696
EEF2K,15.58719,6.8950696
MARK4,15.58719,6.8950696
ESPN,15.58719,6.8950696
COG1,15.58719,6.8950696
CPSF1,15.58719,6.8950696
ADAMTS16,15.58719,6.8950696
IMPG2,15.58719,6.8950696
USP31,15.58719,6.8950696
VIPAS39,15.58719,6.8950696
TSR1,15.58719,6.8950696
WT1,15.58719,6.8950696
ARSD,15.58719,6.8950696
BBS7,15.58719,6.8950696
GNL2,15.58719,6.8950696
NTN4,15.58719,6.8950696
DENND4A,15.58719,6.8950696
NSUN2,15.58719,6.8950696
HADHB,15.58719,6.8950696
STXBP3,15.58719,6.8950696
POLL,15.58719,6.8950696
SEC63,15.58719,6.8950696
PCDHAC2,15.58719,6.8950696
PFKFB1,15.58719,6.8950696
SLC5A3,15.58719,6.8950696
ACSL3,15.58719,6.8950696
ADGRF3,15.58719,6.8950696
USP37,15.58719,6.8950696
STIM1,15.58719,6.8950696
PPP2R3A,15.58719,6.8950696
NRG2,15.58719,6.8950696
KRT4,15.58719,6.8950696
GTPBP2,15.58719,6.8950696
TBCK,15.58719,6.8950696
OSBPL9,15.58719,6.8950696
PMFBP1,15.58719,6.8950696
WNT10A,15.58719,6.8950696
FH,15.58719,6.8950696
TLE2,15.58719,6.8950696
HAS3,15.58719,6.8950696
BMPER,15.58719,6.8950696
BNC2,15.58719,6.8950696
GALNT16,15.58719,6.8950696
HERC6,15.58719,6.8950696
CFAP54,15.58719,6.8950696
PKP3,15.58719,6.8950696
SECISBP2,15.58719,6.8950696
PPOX,15.58719,6.8950696
FAM120B,15.58719,6.8950696
KCNT2,15.58719,6.8950696
TTI1,15.58719,6.8950696
LDB3,15.58719,6.8950696
FGD2,15.58719,6.8950696
MCC,15.58719,6.8950696
TFR2,15.58719,6.8950696
OTUD4,15.58719,6.8950696
ACTR2,15.58719,6.8950696
VPS54,15.58719,6.8950696
ESRP1,15.58719,6.8950696
TBX15,15.58719,6.8950696
KCNG1,15.58719,6.8950696
HMBOX1,15.58719,6.8950696
PIF1,15.58719,6.8950696
PNISR,15.58719,6.8950696
MCM5,15.58719,6.8950696
TMEM63B,15.58719,6.8950696
HCFC2,15.58719,6.8950696
RPE65,15.58719,6.8950696
MICAL3,15.58719,6.8950696
KIAA0586,15.58719,6.8950696
ARHGEF19,15.58719,6.8950696
EHD4,15.58719,6.8950696
KLHL7,15.58719,6.8950696
PLAT,15.58719,6.8950696
SLC4A4,15.58719,6.8950696
R3HDM1,15.58719,6.8950696
SCARF1,15.58719,6.8950696
LHCGR,15.58719,6.8950696
PRICKLE3,15.58719,6.8950696
AOX1,15.58719,6.8950696
KIF3A,15.58719,6.8950696
ARSF,15.58719,6.8950696
RECQL4,15.58719,6.8950696
GALNTL6,15.58719,6.8950696
ZNF268,15.58719,6.8950696
ESR2,15.58719,6.8950696
MAP4K2,15.58719,6.8950696
WNT2B,15.58719,6.8950696
SRRT,15.58719,6.8950696
ESR1,15.58719,6.8950696
OXCT1,15.58719,6.8950696
LPCAT1,15.58719,6.8950696
ABHD16A,15.58719,6.8950696
HLCS,15.58719,6.8950696
NPLOC4,15.58719,6.8950696
KCNA5,15.58719,6.8950696
BCO2,15.58719,6.8950696
NOS2,15.58719,6.8950696
RARG,15.58719,6.8950696
WDR72,15.58719,6.8950696
FGA,15.58719,6.8950696
HSPH1,15.58719,6.8950696
FAM120A,15.58719,6.8950696
NDOR1,15.58719,6.8950696
DPP10,15.58719,6.8950696
MICALL2,15.58719,6.8950696
CAMTA2,15.58719,6.8950696
LRBA,15.58719,6.8950696
LPCAT4,15.58719,6.8950696
CLCN1,15.58719,6.8950696
CPAMD8,15.58719,6.8950696
ITIH2,15.58719,6.8950696
LHX5,15.58719,6.8950696
RANBP6,15.58719,6.8950696
AAK1,15.58719,6.8950696
DDX21,15.58719,6.8950696
KAT2A,15.58719,6.8950696
INTS8,15.58719,6.8950696
PCLO,15.58719,6.8950696
KCNG2,15.58719,6.8950696
PPP1R21,15.58719,6.8950696
SEMA3E,15.58719,6.8950696
PHEX,15.58719,6.8950696
CARS,15.58719,6.8950696
SLC25A25,15.58719,6.8950696
ITIH4,15.58719,6.8950696
ESRRG,15.58719,6.8950696
CP,15.58719,6.8950696
AMER1,15.58719,6.8950696
KCNA2,15.58719,6.8950696
DCBLD1,15.58719,6.8950696
NR2F2,15.58719,6.8950696
COL8A2,15.58719,6.8950696
OLFML2A,15.58719,6.8950696
LRRK1,15.58719,6.8950696
KIAA1324L,15.58719,6.8950696
POLK,15.58719,6.8950696
CCDC146,15.58719,6.8950696
MIB2,15.58719,6.8950696
LEPR,15.58719,6.8950696
LARGE2,15.58719,6.8950696
ZDHHC5,15.58719,6.8950696
ADAMTS3,15.58719,6.8950696
PHTF1,15.58719,6.8950696
TRPS1,15.58719,6.8950696
DDX31,15.58719,6.8950696
CDH20,15.58719,6.8950696
HSD17B4,15.58719,6.8950696
BICC1,15.58719,6.8950696
DGKG,15.58719,6.8950696
COLQ,15.58719,6.8950696
FLT1,15.58719,6.8950696
SRC,15.58719,6.8950696
ETFDH,15.58719,6.8950696
ESRRB,15.58719,6.8950696
KCTD3,15.58719,6.8950696
ERICH3,15.58719,6.8950696
NAA16,15.58719,6.8950696
COG4,15.58719,6.8950696
MARVELD3,15.58719,6.8950696
SEL1L,15.58719,6.8950696
MED1,15.58719,6.8950696
RMC1,15.58719,6.8950696
ALOX12,15.58719,6.8950696
WAS,15.58719,6.8950696
MGAT5B,15.58719,6.8950696
STARD8,15.58719,6.8950696
TBC1D10B,15.58719,6.8950696
KDM7A,15.58719,6.8950696
USP43,15.58719,6.8950696
MTMR6,15.58719,6.8950696
TRPV4,15.58719,6.8950696
PLS1,15.58719,6.8950696
ZDHHC8,15.58719,6.8950696
DRC7,15.58719,6.8950696
NAA35,15.58719,6.8950696
SLC11A1,15.58719,6.8950696
RAPGEF5,15.58719,6.8950696
MECOM,15.58719,6.8950696
CAMK2G,15.58719,6.8950696
ALS2CL,15.58719,6.8950696
CHSY3,15.58719,6.8950696
SREBF1,15.58719,6.8950696
INPP4B,15.58719,6.8950696
COL4A1,15.58719,6.8950696
HGFAC,15.58719,6.8950696
PANK2,15.58719,6.8950696
ZBTB40,15.58719,6.8950696
SIX5,15.58719,6.8950696
MGAT5,15.58719,6.8950696
KIRREL1,15.58719,6.8950696
GATA3,15.58719,6.8950696
MAP4K5,15.58719,6.8950696
GRIN3B,15.58719,6.8950696
USP21,15.58719,6.8950696
KLHL26,15.58719,6.8950696
CPEB2,15.58719,6.8950696
PCDHGA10,15.58719,6.8950696
RNF216,15.58719,6.8950696
CCDC158,15.58719,6.8950696
DENND6A,15.58719,6.8950696
CDH5,15.58719,6.8950696
KCNA6,15.58719,6.8950696
RFX6,15.58719,6.8950696
MACO1,15.58719,6.8950696
SAMD4A,15.58719,6.8950696
PANK1,15.58719,6.8950696
MTMR1,15.58719,6.8950696
PATL1,15.58719,6.8950696
CLPB,15.58719,6.8950696
CAPN12,15.58719,6.8950696
MTMR8,15.58719,6.8950696
CNTNAP4,15.58719,6.8950696
SLC6A6,15.58719,6.8950696
PRPF40B,15.58719,6.8950696
FANCM,15.58719,6.8950696
TCOF1,15.58719,6.8950696
CLOCK,15.58719,6.8950696
NCKAP5L,15.58719,6.8950696
UNKL,15.58719,6.8950696
ZHX2,15.58719,6.8950696
FBXL19,15.58719,6.8950696
JAKMIP2,15.58719,6.8950696
SLC6A18,15.58719,6.8950696
MCM4,15.58719,6.8950696
MAN1A2,15.58719,6.8950696
NLRP5,15.58719,6.8950696
ROR1,15.58719,6.8950696
SLC7A1,15.58719,6.8950696
GLI3,15.58719,6.8950696
WDR63,15.58719,6.8950696
PPP4R1,15.58719,6.8950696
DENND1A,15.58719,6.8950696
TRIM9,15.58719,6.8950696
PPWD1,15.58719,6.8950696
MAP3K3,15.58719,6.8950696
KIAA1211,15.58719,6.8950696
UNC5A,15.58719,6.8950696
PRKG1,15.58719,6.8950696
LOXL4,15.58719,6.8950696
GRB10,15.58719,6.8950696
PIBF1,15.58719,6.8950696
RPGR,15.58719,6.8950696
PCNX4,15.58719,6.8950696
CDH1,15.58719,6.8950696
GUCY1B1,15.58719,6.8950696
SLC5A6,15.58719,6.8950696
CPT1C,15.58719,6.8950696
TUBB,15.58719,6.8950696
WDR66,15.58719,6.8950696
STXBP2,15.58719,6.8950696
IRF4,15.58719,6.8950696
MRTFA,15.58719,6.8950696
GLRA3,15.58719,6.8950696
DHCR7,15.58719,6.8950696
RNF145,15.58719,6.8950696
GTF3C3,15.58719,6.8950696
DHX33,15.58719,6.8950696
FNIP2,15.58719,6.8950696
ALOX15B,15.58719,6.8950696
DKC1,15.58719,6.8950696
DZIP3,15.58719,6.8950696
MDGA1,15.58719,6.8950696
MTA2,15.58719,6.8950696
C9orf84,15.58719,6.8950696
CD22,15.58719,6.8950696
CCDC57,15.58719,6.8950696
SLC9A3,15.58719,6.8950696
UBR3,15.58719,6.8950696
UROC1,15.58719,6.8950696
MEI1,15.58719,6.8950696
PLA2G4B,15.58719,6.8950696
ADAMTS4,15.58719,6.8950696
MUTYH,15.58719,6.8950696
FOXJ2,15.58719,6.8950696
VIM,15.58719,6.8950696
VWA3A,15.58719,6.8950696
SLC24A4,15.58719,6.8950696
POLR3A,15.58719,6.8950696
ANKRD36,15.58719,6.8950696
LMX1B,15.58719,6.8950696
FAM184B,15.58719,6.8950696
TDRD5,15.58719,6.8950696
SEMA3C,15.58719,6.8950696
RTF1,15.58719,6.8950696
ADAM9,15.58719,6.8950696
ENPEP,15.58719,6.8950696
RBM39,15.58719,6.8950696
OIT3,15.58719,6.8950696
ADAM10,15.58719,6.8950696
CHRNE,15.58719,6.8950696
SUV39H1,15.58719,6.8950696
TSGA10,15.58719,6.8950696
NGLY1,15.58719,6.8950696
LCK,15.58719,6.8950696
MARK3,15.58719,6.8950696
TRPC4AP,15.58719,6.8950696
NR2C2,15.58719,6.8950696
ZNF831,15.58719,6.8950696
COLGALT2,15.58719,6.8950696
MPL,15.58719,6.8950696
ITGA4,15.58719,6.8950696
TPH2,15.58719,6.8950696
CDH3,15.58719,6.8950696
AKNA,15.58719,6.8950696
ARHGEF28,15.58719,6.8950696
ACTN1,15.58719,6.8950696
NLGN1,15.58719,6.8950696
AFF2,15.58719,6.8950696
SIDT2,15.58719,6.8950696
SEMA4D,15.58719,6.8950696
ARIH2,15.58719,6.8950696
BMP2K,15.58719,6.8950696
NXF1,15.58719,6.8950696
ACAD8,15.58719,6.8950696
SLC6A20,15.58719,6.8950696
ATF7IP,15.58719,6.8950696
STOX1,15.58719,6.8950696
RNF6,15.58719,6.8950696
NOD2,15.58719,6.8950696
CC2D1B,15.58719,6.8950696
NPAS2,15.58719,6.8950696
ANKRD30B,15.58719,6.8950696
N4BP2,15.58719,6.8950696
KIF18B,15.58719,6.8950696
ATG16L2,15.58719,6.8950696
NR6A1,15.58719,6.8950696
TFAP2A,15.58719,6.8950696
TMPRSS7,15.58719,6.8950696
RPS6KA1,15.58719,6.8950696
GUF1,15.58719,6.8950696
DCAF13,15.58719,6.8950696
NR4A3,15.58719,6.8950696
FAM83B,15.58719,6.8950696
VPS33A,15.58719,6.8950696
CCDC186,15.58719,6.8950696
GALT,15.58719,6.8950696
IGHMBP2,15.58719,6.8950696
SPECC1,15.58719,6.8950696
RBP3,15.58719,6.8950696
BEST4,15.58719,6.8950696
DDX41,15.58719,6.8950696
MVP,15.58719,6.8950696
DYNC1I1,15.58719,6.8950696
PTPRN,15.58719,6.8950696
PLEKHG4B,15.58719,6.8950696
AK7,15.58719,6.8950696
CLASRP,15.58719,6.8950696
GCDH,15.58719,6.8950696
SPTLC2,15.58719,6.8950696
ZC3H12C,15.58719,6.8950696
MYH7,15.58719,6.8950696
CNKSR2,15.58719,6.8950696
ELP3,15.58719,6.8950696
KLHL21,15.58719,6.8950696
TAS1R2,15.58719,6.8950696
FAP,15.58719,6.8950696
NISCH,15.58719,6.8950696
THAP9,15.58719,6.8950696
TPM1,15.58719,6.8950696
ANPEP,15.58719,6.8950696
ICK,15.58719,6.8950696
LMNA,15.58719,6.8950696
INA,15.58719,6.8950696
ELMSAN1,15.58719,6.8950696
HEXA,15.58719,6.8950696
ODF2,15.58719,6.8950696
RBSN,15.58719,6.8950696
MAML3,15.58719,6.8950696
CDC27,15.58719,6.8950696
ZC3H7B,15.58719,6.8950696
PPP6R3,15.58719,6.8950696
USP36,15.58719,6.8950696
GNAO1,15.58719,6.8950696
ALPI,15.58719,6.8950696
PLEKHA4,15.58719,6.8950696
RTL1,15.58719,6.8950696
KCNJ3,15.58719,6.8950696
TAS1R1,15.58719,6.8950696
RECK,15.58719,6.8950696
NOP56,15.58719,6.8950696
WDR78,15.58719,6.8950696
LATS2,15.58719,6.8950696
KCTD7,15.58719,6.8950696
KIAA0753,15.58719,6.8950696
KARS,15.58719,6.8950696
HGSNAT,15.58719,6.8950696
ATXN2L,15.58719,6.8950696
XYLT2,15.58719,6.8950696
TUBG2,15.58719,6.8950696
HYOU1,15.58719,6.8950696
ANKAR,15.58719,6.8950696
ZHX3,15.58719,6.8950696
RREB1,15.58719,6.8950696
TTC27,15.58719,6.8950696
JMY,15.58719,6.8950696
HSP90B1,15.58719,6.8950696
SUN1,15.58719,6.8950696
EML2,15.58719,6.8950696
ECT2L,15.58719,6.8950696
VAC14,15.58719,6.8950696
ANO4,15.58719,6.8950696
BTK,15.58719,6.8950696
MTM1,15.58719,6.8950696
PFKFB3,15.58719,6.8950696
AP2B1,15.58719,6.8950696
DENND2A,15.58719,6.8950696
MAP4K3,15.58719,6.8950696
DCHS2,15.58719,6.8950696
PCDH7,15.58719,6.8950696
KCNS1,15.58719,6.8950696
SERAC1,15.58719,6.8950696
SMOX,15.58719,6.8950696
KLHL18,15.58719,6.8950696
PTPRO,15.58719,6.8950696
KCNV2,15.58719,6.8950696
FSTL4,15.58719,6.8950696
RHOT1,15.58719,6.8950696
ITIH5,15.58719,6.8950696
SH2D3C,15.58719,6.8950696
DSG4,15.58719,6.8950696
APPBP2,15.58719,6.8950696
ARSA,15.58719,6.8950696
FAM160A2,15.58719,6.8950696
ADD2,15.58719,6.8950696
PCDHGB6,15.58719,6.8950696
FBLN5,15.58719,6.8950696
MYO3A,15.58719,6.8950696
NOX5,15.58719,6.8950696
FZD6,15.58719,6.8950696
LHX3,15.58719,6.8950696
SMPD4,15.58719,6.8950696
PRKCD,15.58719,6.8950696
FBF1,15.58719,6.8950696
PCDH8,15.58719,6.8950696
PCDHGB7,15.58719,6.8950696
PLXNA3,15.58719,6.8950696
BICD1,15.58719,6.8950696
DCAF6,15.58719,6.8950696
ZNF644,15.58719,6.8950696
SLC5A12,15.58719,6.8950696
GATA6,15.58719,6.8950696
DPYD,15.58719,6.8950696
DCAF5,15.58719,6.8950696
DDX17,15.58719,6.8950696
ACTR1B,15.58719,6.8950696
MROH7,15.58719,6.8950696
ADGRL2,15.58719,6.8950696
FXR2,15.58719,6.8950696
HIVEP1,15.58719,6.8950696
HACE1,15.58719,6.8950696
ELMO1,15.58719,6.8950696
INTS6L,15.58719,6.8950696
KLHL2,15.58719,6.8950696
NFE2L1,15.58719,6.8950696
ARMCX4,15.58719,6.8950696
KIF22,15.58719,6.8950696
NR3C1,15.58719,6.8950696
CACNB4,15.58719,6.8950696
KIAA1324,15.58719,6.8950696
ARAP2,15.58719,6.8950696
GALNT7,15.58719,6.8950696
SEC14L5,15.58719,6.8950696
LONRF3,15.58719,6.8950696
ACTR1A,15.58719,6.8950696
INPP5E,15.58719,6.8950696
NUP85,15.58719,6.8950696
EFEMP1,15.58719,6.8950696
PCIF1,15.58719,6.8950696
TULP1,15.58719,6.8950696
ANKRD24,15.58719,6.8950696
URB2,15.58719,6.8950696
KL,15.58719,6.8950696
KLHL8,15.58719,6.8950696
SEMA3D,15.58719,6.8950696
ENAH,15.58719,6.8950696
EIF4B,15.58719,6.8950696
CIZ1,15.58719,6.8950696
CPXM1,15.58719,6.8950696
IGSF22,15.58719,6.8950696
ELAC2,15.58719,6.8950696
HSPA4,15.58719,6.8950696
GPD2,15.58719,6.8950696
ITGB8,15.58719,6.8950696
USH1C,15.58719,6.8950696
SH3PXD2A,15.58719,6.8950696
KIF18A,15.58719,6.8950696
GPRC6A,15.58719,6.8950696
GNAL,15.58719,6.8950696
GFM2,15.58719,6.8950696
PTPRN2,15.58719,6.8950696
SLC6A4,15.58719,6.8950696
TOPORS,15.58719,6.8950696
ABAT,15.58719,6.8950696
PHF8,15.58719,6.8950696
STARD3,15.58719,6.8950696
ABCD3,15.58719,6.8950696
BMPR1A,15.58719,6.8950696
RBM5,15.58719,6.8950696
ACVR2B,15.58719,6.8950696
RHBDF2,15.58719,6.8950696
EYA4,15.58719,6.8950696
PIWIL2,15.58719,6.8950696
HNF4A,15.58719,6.8950696
PAX1,15.58719,6.8950696
FAM20C,15.58719,6.8950696
MCM8,15.58719,6.8950696
ZNF318,15.58719,6.8950696
USP38,15.58719,6.8950696
USP53,15.58719,6.8950696
SLC9A2,15.58719,6.8950696
CIITA,15.58719,6.8950696
GRIN2C,15.58719,6.8950696
GBE1,15.58719,6.8950696
DCT,15.58719,6.8950696
TRAK2,15.58719,6.8950696
IPO4,15.58719,6.8950696
HCK,15.58719,6.8950696
PLEKHH2,15.58719,6.8950696
PITX2,15.58719,6.8950696
PIK3R3,15.58719,6.8950696
SYNJ1,15.58719,6.8950696
ANKRD35,15.58719,6.8950696
RIPOR2,15.58719,6.8950696
RXRB,15.58719,6.8950696
ARHGAP31,15.58719,6.8950696
TUBGCP5,15.58719,6.8950696
TRPA1,15.58719,6.8950696
ATP2B4,15.58719,6.8950696
KIFC2,15.58719,6.8950696
ITGAE,15.58719,6.8950696
PPL,15.58719,6.8950696
NOP14,15.58719,6.8950696
GTF2IRD1,15.58719,6.8950696
BAG6,15.58719,6.8950696
PTPRJ,15.58719,6.8950696
TBX3,15.58719,6.8950696
WDR48,15.58719,6.8950696
ATXN2,15.58719,6.8950696
TCF7L1,15.58719,6.8950696
STK11IP,15.58719,6.8950696
ILK,15.58719,6.8950696
PTPRG,15.58719,6.8950696
ITIH1,15.58719,6.8950696
FIG4,15.58719,6.8950696
MCTP2,15.58719,6.8950696
KANK1,15.58719,6.8950696
ALDH4A1,15.58719,6.8950696
XPNPEP2,15.58719,6.8950696
PLEKHA6,15.58719,6.8950696
SLC9A5,15.58719,6.8950696
TANGO6,15.58719,6.8950696
ATP11B,15.58719,6.8950696
TEC,15.58719,6.8950696
MTMR10,15.58719,6.8950696
UNC5D,15.58719,6.8950696
MAP4K1,15.58719,6.8950696
CTNNA1,15.58719,6.8950696
NR2C1,15.58719,6.8950696
SGK223,15.58719,6.8950696
LCP1,15.58719,6.8950696
CD163,15.58719,6.8950696
PNPLA8,15.58719,6.8950696
PRPF31,15.58719,6.8950696
AREL1,15.58719,6.8950696
XPNPEP1,15.58719,6.8950696
TRIM67,15.58719,6.8950696
AC018470.1,15.58719,6.8950696
AP2A1,15.58719,6.8950696
ZFAT,15.58719,6.8950696
SOX30,15.58719,6.8950696
PLEKHH3,15.58719,6.8950696
ADAMTS2,15.58719,6.8950696
SEMA3A,15.58719,6.8950696
TUBB3,15.58719,6.8950696
FKRP,15.58719,6.8950696
COL9A3,15.58719,6.8950696
CARD10,15.58719,6.8950696
SEZ6L,15.58719,6.8950696
CEMIP,15.58719,6.8950696
CAMSAP3,15.58719,6.8950696
PNPT1,15.58719,6.8950696
LIMK1,15.58719,6.8950696
GALNT11,15.58719,6.8950696
NR5A2,15.58719,6.8950696
KIAA1671,15.58719,6.8950696
RFX4,15.58719,6.8950696
SGCE,15.58719,6.8950696
ZRANB3,15.58719,6.8950696
COBLL1,15.58719,6.8950696
CNGA4,15.58719,6.8950696
P3H1,15.58719,6.8950696
DPF1,15.58719,6.8950696
ARHGEF26,15.58719,6.8950696
KLHL1,15.58719,6.8950696
SCYL1,15.58719,6.8950696
ACOX1,15.58719,6.8950696
TBL1X,15.58719,6.8950696
NUP153,15.58719,6.8950696
DNER,15.58719,6.8950696
TMTC3,15.58719,6.8950696
DLGAP2,15.58719,6.8950696
ACAP1,15.58719,6.8950696
ABCB10,15.58719,6.8950696
ANKRD31,15.58719,6.8950696
LUC7L3,15.58719,6.8950696
DYNC1I2,15.58719,6.8950696
NDST3,15.58719,6.8950696
ASAP3,15.58719,6.8950696
IRS2,15.58719,6.8950696
KLHL29,15.58719,6.8950696
RBPJ,15.58719,6.8950696
ZNF335,15.58719,6.8950696
SYK,15.58719,6.8950696
GPATCH1,15.58719,6.8950696
TAS1R3,15.58719,6.8950696
IDE,15.58719,6.8950696
RECQL5,15.58719,6.8950696
PLCD1,15.58719,6.8950696
CAPN11,15.58719,6.8950696
STIM2,15.58719,6.8950696
BRCA2,15.58719,6.8950696
BAZ2B,15.58719,6.8950696
NCSTN,15.58719,6.8950696
PAM,15.58719,6.8950696
SAMD9,15.58719,6.8950696
SLC6A11,15.58719,6.8950696
ELMO2,15.58719,6.8950696
TRPC7,15.58719,6.8950696
PAH,15.58719,6.8950696
ACSL6,15.58719,6.8950696
PHF20L1,15.58719,6.8950696
CUL7,15.58719,6.8950696
MYO9B,15.58719,6.8950696
RGS9,15.58719,6.8950696
SLC3A1,15.58719,6.8950696
JMJD1C,15.58719,6.8950696
RIMS2,15.58719,6.8950696
DDX4,15.58719,6.8950696
LRCH3,15.58719,6.8950696
IRS4,15.58719,6.8950696
DPYSL5,15.58719,6.8950696
PCSK7,15.58719,6.8950696
NOL10,15.58719,6.8950696
SMAD3,15.58719,6.8950696
KLHL5,15.58719,6.8950696
SOX9,15.58719,6.8950696
ADAMTS5,15.58719,6.8950696
GLB1L3,15.58719,6.8950696
SCNN1A,15.58719,6.8950696
MCM2,15.58719,6.8950696
ESYT2,15.58719,6.8950696
NEK4,15.58719,6.8950696
FUS,15.58719,6.8950696
ACAD10,15.58719,6.8950696
SARS,15.58719,6.8950696
STRA6,15.58719,6.8950696
PKD1,15.58719,6.8950696
ATP6V0A1,15.58719,6.8950696
ADAMTS8,15.58719,6.8950696
KCNN3,15.58719,6.8950696
SV2A,15.58719,6.8950696
CEMIP2,15.58719,6.8950696
KCNQ1,15.58719,6.8950696
SPHKAP,15.58719,6.8950696
ATP2C2,15.58719,6.8950696
ADAMTS9,15.58719,6.8950696
CLSTN1,15.58719,6.8950696
CHRNA4,15.58719,6.8950696
PCK2,15.58719,6.8950696
MAP3K19,15.58719,6.8950696
IVNS1ABP,15.58719,6.8950696
ARHGAP9,15.58719,6.8950696
MYORG,15.58719,6.8950696
RGS22,15.58719,6.8950696
NCOA7,15.58719,6.8950696
COL19A1,15.58719,6.8950696
DSG1,15.58719,6.8950696
MAML2,15.58719,6.8950696
SMG5,15.58719,6.8950696
ALDH7A1,15.58719,6.8950696
AKAP11,15.58719,6.8950696
SENP7,15.58719,6.8950696
DHX35,15.58719,6.8950696
LIMK2,15.58719,6.8950696
PKN3,15.58719,6.8950696
KEL,15.58719,6.8950696
CNNM4,15.58719,6.8950696
OLFM1,15.58719,6.8950696
SP100,15.58719,6.8950696
NRG1,15.58719,6.8950696
PEG3,15.58719,6.8950696
L3MBTL1,15.58719,6.8950696
PPFIBP2,15.58719,6.8950696
NAV3,15.58719,6.8950696
NOL4,15.58719,6.8950696
GLB1L2,15.58719,6.8950696
DPF2,15.58719,6.8950696
PCDHGC4,15.58719,6.8950696
IGSF1,15.58719,6.8950696
CPXM2,15.58719,6.8950696
DLL4,15.58719,6.8950696
SEZ6,15.58719,6.8950696
GALNT10,15.58719,6.8950696
TMF1,15.58719,6.8950696
CHL1,15.58719,6.8950696
SLC26A3,15.58719,6.8950696
USP5,15.58719,6.8950696
ADAMTS13,15.58719,6.8950696
EIF2B4,15.58719,6.8950696
MRC2,15.58719,6.8950696
AP2A2,15.58719,6.8950696
SRBD1,15.58719,6.8950696
ADGRA1,15.58719,6.8950696
ELOA,15.58719,6.8950696
ACOX3,15.58719,6.8950696
INTS11,15.58719,6.8950696
VWA5B2,15.58719,6.8950696
RSBN1,15.58719,6.8950696
KLHL3,15.58719,6.8950696
SCAF11,15.58719,6.8950696
DTNB,15.58719,6.8950696
SPG7,15.58719,6.8950696
APLP1,15.58719,6.8950696
MMS19,15.58719,6.8950696
MDGA2,15.58719,6.8950696
EXOC2,15.58719,6.8950696
VPS35L,15.58719,6.8950696
ALPL,15.58719,6.8950696
MCCC1,15.58719,6.8950696
NOP2,15.58719,6.8950696
PPP1R12A,15.58719,6.8950696
COLGALT1,15.58719,6.8950696
SLC5A4,15.58719,6.8950696
UBE3A,15.58719,6.8950696
ADAM11,15.58719,6.8950696
FYN,15.58719,6.8950696
LENG8,15.58719,6.8950696
FZD7,15.58719,6.8950696
CRY1,15.58719,6.8950696
SEC16B,15.58719,6.8950696
VPS45,15.58719,6.8950696
FER,15.58719,6.8950696
XYLT1,15.58719,6.8950696
ADGRG6,15.58719,6.8950696
TYK2,15.58719,6.8950696
HECTD3,15.58719,6.8950696
DARS2,15.58719,6.8950696
UNC45B,15.58719,6.8950696
SART3,15.58719,6.8950696
PDE3A,15.58719,6.8950696
SACS,15.58719,6.8950696
CEP112,15.58719,6.8950696
SLC5A11,15.58719,6.8950696
ZMYM6,15.58719,6.8950696
MPHOSPH9,15.58719,6.8950696
DHX16,15.58719,6.8950696
PPP1R10,15.58719,6.8950696
CMYA5,15.58719,6.8950696
HMGXB3,15.58719,6.8950696
RBM33,15.58719,6.8950696
SLC20A1,15.58719,6.8950696
TRHDE,15.58719,6.8950696
MSN,15.58719,6.8950696
TTLL13P,15.58719,6.8950696
FTCD,15.58719,6.8950696
PTPRH,15.58719,6.8950696
TECTA,15.58719,6.8950696
ULK2,15.58719,6.8950696
PNPLA6,15.58719,6.8950696
BCAS3,15.58719,6.8950696
CLEC16A,15.58719,6.8950696
TYW1,15.58719,6.8950696
OSBPL5,15.58719,6.8950696
VPS41,15.58719,6.8950696
KIT,15.58719,6.8950696
LAMC3,15.58719,6.8950696
RNF17,15.58719,6.8950696
ANKZF1,15.58719,6.8950696
SSH1,15.58719,6.8950696
ADAMTS1,15.58719,6.8950696
VPS50,15.58719,6.8950696
CUL4A,15.58719,6.8950696
LTBP3,15.58719,6.8950696
TGM2,15.58719,6.8950696
PCDH17,15.58719,6.8950696
ARHGAP27,15.58719,6.8950696
SEC23IP,15.58719,6.8950696
VPS53,15.58719,6.8950696
XPOT,15.58719,6.8950696
CD109,15.58719,6.8950696
SENP6,15.58719,6.8950696
FAM120C,15.58719,6.8950696
ZNF541,15.58719,6.8950696
DHCR24,15.58719,6.8950696
ANKRD44,15.58719,6.8950696
ANKS1A,15.58719,6.8950696
CCDC150,15.58719,6.8950696
GPLD1,15.58719,6.8950696
ZC3H7A,15.58719,6.8950696
NLRX1,15.58719,6.8950696
ATP5F1A,15.58719,6.8950696
PCDHGC3,15.58719,6.8950696
UNC45A,15.58719,6.8950696
SREBF2,15.58719,6.8950696
SGSM2,15.58719,6.8950696
DCAF8,15.58719,6.8950696
SVIL,15.58719,6.8950696
CACHD1,15.58719,6.8950696
FANCA,15.58719,6.8950696
FZD5,15.58719,6.8950696
NEK10,15.58719,6.8950696
ULK4,15.58719,6.8950696
WDR64,15.58719,6.8950696
FERMT3,15.58719,6.8950696
ST18,15.58719,6.8950696
ACSL1,15.58719,6.8950696
SPATA20,15.58719,6.8950696
NPR1,15.58719,6.8950696
CAPRIN2,15.58719,6.8950696
PKN2,15.58719,6.8950696
AXIN1,15.58719,6.8950696
KATNA1,15.58719,6.8950696
TYRO3,15.58719,6.8950696
FZD3,15.58719,6.8950696
EXOC1,15.58719,6.8950696
SLC4A8,15.58719,6.8950696
TMPRSS15,15.58719,6.8950696
UMOD,15.58719,6.8950696
ADAM15,15.58719,6.8950696
RBM10,15.58719,6.8950696
ERCC4,15.58719,6.8950696
SHROOM4,15.58719,6.8950696
ERCC5,15.58719,6.8950696
YTHDC2,15.58719,6.8950696
RPS6KA4,15.58719,6.8950696
KIAA1210,15.58719,6.8950696
TBC1D8B,15.58719,6.8950696
ADGRB3,15.58719,6.8950696
PMS2,15.58719,6.8950696
HIP1R,15.58719,6.8950696
ACTA1,15.58719,6.8950696
PZP,15.58719,6.8950696
GUCY1A2,15.58719,6.8950696
UNC5C,15.58719,6.8950696
MEGF11,15.58719,6.8950696
ATP8A2,15.58719,6.8950696
MTMR7,15.58719,6.8950696
PIWIL1,15.58719,6.8950696
MTMR14,15.58719,6.8950696
VPS18,15.58719,6.8950696
MMS22L,15.58719,6.8950696
PLEKHG3,15.58719,6.8950696
AHCYL2,15.58719,6.8950696
CNTN3,15.58719,6.8950696
RBM15,15.58719,6.8950696
SIN3B,15.58719,6.8950696
AARS,15.58719,6.8950696
FOXO6,15.58719,6.8950696
SFMBT2,15.58719,6.8950696
GLB1L,15.58719,6.8950696
PRPH,15.58719,6.8950696
KIF1C,15.58719,6.8950696
PRKCQ,15.58719,6.8950696
NRDE2,15.58719,6.8950696
DDR1,15.58719,6.8950696
TRAP1,15.58719,6.8950696
HAL,15.58719,6.8950696
FAM13A,15.58719,6.8950696
TAF2,15.58719,6.8950696
MIOS,15.58719,6.8950696
F13A1,15.58719,6.8950696
XPR1,15.58719,6.8950696
LONP2,15.58719,6.8950696
ACAD9,15.58719,6.8950696
SLC26A8,15.58719,6.8950696
ITGA9,15.58719,6.8950696
PDE10A,15.58719,6.8950696
CRAT,15.58719,6.8950696
PRSS36,15.58719,6.8950696
RBM20,15.58719,6.8950696
SLC25A12,15.58719,6.8950696
ARHGAP23,15.58719,6.8950696
PMS1,15.58719,6.8950696
CPS1,15.58719,6.8950696
PLG,15.58719,6.8950696
VPS16,15.58719,6.8950696
NR1D1,15.58719,6.8950696
LTBP2,15.58719,6.8950696
CNGA1,15.58719,6.8950696
ARHGAP42,15.58719,6.8950696
NLGN3,15.58719,6.8950696
CNTN6,15.58719,6.8950696
SORCS2,15.58719,6.8950696
ERCC6L2,15.58719,6.8950696
ADAM12,15.58719,6.8950696
VWA3B,15.58719,6.8950696
PIEZO1,15.58719,6.8950696
ACAP2,15.58719,6.8950696
EXOC8,15.58719,6.8950696
CLMN,15.58719,6.8950696
CEP76,15.58719,6.8950696
SYCP2,15.58719,6.8950696
MAN1C1,15.58719,6.8950696
TMEM94,15.58719,6.8950696
NUP93,15.58719,6.8950696
WDR35,15.58719,6.8950696
NRDC,15.58719,6.8950696
EWSR1,15.58719,6.8950696
PRKCA,15.58719,6.8950696
USP13,15.58719,6.8950696
FTSJ3,15.58719,6.8950696
LRPPRC,15.58719,6.8950696
SASH1,15.58719,6.8950696
BUB1B,15.58719,6.8950696
ANLN,15.58719,6.8950696
GART,15.58719,6.8950696
PSMD1,15.58719,6.8950696
PITRM1,15.58719,6.8950696
DGKA,15.58719,6.8950696
DYM,15.58719,6.8950696
AVIL,15.58719,6.8950696
SLC7A2,15.58719,6.8950696
THSD4,15.58719,6.8950696
FLT3,15.58719,6.8950696
KCND1,15.58719,6.8950696
POSTN,15.58719,6.8950696
DPP9,15.58719,6.8950696
INPP4A,15.58719,6.8950696
MAMDC4,15.58719,6.8950696
TRPV3,15.58719,6.8950696
AHCYL1,15.58719,6.8950696
AGBL1,15.58719,6.8950696
IPO7,15.58719,6.8950696
PRICKLE1,15.58719,6.8950696
SEC31B,15.58719,6.8950696
RPS6KA2,15.58719,6.8950696
PDZRN4,15.58719,6.8950696
CNGA3,15.58719,6.8950696
USP11,15.58719,6.8950696
ZMIZ1,15.58719,6.8950696
TEX10,15.58719,6.8950696
APLP2,15.58719,6.8950696
TTBK2,15.58719,6.8950696
PCCA,15.58719,6.8950696
ADSL,15.58719,6.8950696
ABLIM2,15.58719,6.8950696
ALOX12B,15.58719,6.8950696
EDEM1,15.58719,6.8950696
ADAMTS7,15.58719,6.8950696
KIF6,15.58719,6.8950696
PITPNM2,15.58719,6.8950696
TTC7B,15.58719,6.8950696
PLCL1,15.58719,6.8950696
ITGB6,15.58719,6.8950696
TAF15,15.58719,6.8950696
BCS1L,15.58719,6.8950696
UNC5B,15.58719,6.8950696
ALPK2,15.58719,6.8950696
CORO7,15.58719,6.8950696
LRIG2,15.58719,6.8950696
ENPP3,15.58719,6.8950696
TARSL2,15.58719,6.8950696
TBX2,15.58719,6.8950696
ANKIB1,15.58719,6.8950696
PEX5,15.58719,6.8950696
CAPN9,15.58719,6.8950696
DYSF,15.58719,6.8950696
TCF25,15.58719,6.8950696
PARP14,15.58719,6.8950696
TUBGCP3,15.58719,6.8950696
KNL1,15.58719,6.8950696
DDHD1,15.58719,6.8950696
ZNF609,15.58719,6.8950696
CMTR1,15.58719,6.8950696
EML1,15.58719,6.8950696
KLHL20,15.58719,6.8950696
XAB2,15.58719,6.8950696
ALAS1,15.58719,6.8950696
ADAM22,15.58719,6.8950696
INVS,15.58719,6.8950696
VWA5B1,15.58719,6.8950696
RAPGEF1,15.58719,6.8950696
BCR,15.58719,6.8950696
GPSM2,15.58719,6.8950696
SLC26A6,15.58719,6.8950696
POLR1B,15.58719,6.8950696
MEGF6,15.58719,6.8950696
ZNF568,15.58719,6.8950696
NAA25,15.58719,6.8950696
TAP2,15.58719,6.8950696
SEMA6D,15.58719,6.8950696
TRIM33,15.58719,6.8950696
TJP3,15.58719,6.8950696
GPI,15.58719,6.8950696
NFATC3,15.58719,6.8950696
TRIM3,15.58719,6.8950696
NEFH,15.58719,6.8950696
ACTL6B,15.58719,6.8950696
NAV1,15.58719,6.8950696
VPS35,15.58719,6.8950696
EPB41L4A,15.58719,6.8950696
ANKRD36C,15.58719,6.8950696
LDLR,15.58719,6.8950696
HFM1,15.58719,6.8950696
NSMAF,15.58719,6.8950696
TGFBI,15.58719,6.8950696
MAP2,15.58719,6.8950696
FGD5,15.58719,6.8950696
RBMXL3,15.58719,6.8950696
TDRD3,15.58719,6.8950696
CASKIN2,15.58719,6.8950696
EXPH5,15.58719,6.8950696
DLG3,15.58719,6.8950696
CLSPN,15.58719,6.8950696
LOXL3,15.58719,6.8950696
PDE9A,15.58719,6.8950696
PDE8A,15.58719,6.8950696
GNPTAB,15.58719,6.8950696
ESYT3,15.58719,6.8950696
CFAP61,15.58719,6.8950696
TEX2,15.58719,6.8950696
C2CD5,15.58719,6.8950696
MYBPC2,15.58719,6.8950696
FGD1,15.58719,6.8950696
CUBN,15.58719,6.8950696
ARHGAP29,15.58719,6.8950696
ADGRA2,15.58719,6.8950696
ATG9B,15.58719,6.8950696
CCDC18,15.58719,6.8950696
LPIN3,15.58719,6.8950696
PPP1R9A,15.58719,6.8950696
NID1,15.58719,6.8950696
EIF4ENIF1,15.58719,6.8950696
CACNB1,15.58719,6.8950696
MTHFD1,15.58719,6.8950696
MATN4,15.58719,6.8950696
USP48,15.58719,6.8950696
ADGRG4,15.58719,6.8950696
AGO4,15.58719,6.8950696
TAP1,15.58719,6.8950696
KPNB1,15.58719,6.8950696
DTNA,15.58719,6.8950696
TTLL7,15.58719,6.8950696
ALDH16A1,15.58719,6.8950696
SRCIN1,15.58719,6.8950696
DDX27,15.58719,6.8950696
STAT1,15.58719,6.8950696
SORBS2,15.58719,6.8950696
SGSM1,15.58719,6.8950696
LLGL1,15.58719,6.8950696
CDH2,15.58719,6.8950696
USP40,15.58719,6.8950696
ABCC8,15.58719,6.8950696
ASTN1,15.58719,6.8950696
BIRC6,15.58719,6.8950696
ELP2,15.58719,6.8950696
VAV2,15.58719,6.8950696
UHRF1BP1L,15.58719,6.8950696
BCKDHA,15.58719,6.8950696
KTN1,15.58719,6.8950696
TTLL4,15.58719,6.8950696
NDUFS2,15.58719,6.8950696
H6PD,15.58719,6.8950696
KIF26B,15.58719,6.8950696
RABGAP1L,15.58719,6.8950696
CNTLN,15.58719,6.8950696
ITGAD,15.58719,6.8950696
C6,15.58719,6.8950696
GIT1,15.58719,6.8950696
HIPK1,15.58719,6.8950696
QARS,15.58719,6.8950696
COL17A1,15.58719,6.8950696
IKBKB,15.58719,6.8950696
BRWD1,15.58719,6.8950696
ZNF521,15.58719,6.8950696
FNIP1,15.58719,6.8950696
AP3D1,15.58719,6.8950696
GLB1,15.58719,6.8950696
PTPN6,15.58719,6.8950696
CRYBG2,15.58719,6.8950696
POP1,15.58719,6.8950696
SCAF4,15.58719,6.8950696
DDX42,15.58719,6.8950696
ABCD4,15.58719,6.8950696
FMN1,15.58719,6.8950696
CDHR2,15.58719,6.8950696
HERC4,15.58719,6.8950696
ANKRD17,15.58719,6.8950696
QSER1,15.58719,6.8950696
HIPK2,15.58719,6.8950696
FBXW7,15.58719,6.8950696
ADARB2,15.58719,6.8950696
DHX30,15.58719,6.8950696
SAMD9L,15.58719,6.8950696
PTPN13,15.58719,6.8950696
MCM3,15.58719,6.8950696
QRICH2,15.58719,6.8950696
ACADVL,15.58719,6.8950696
EIF3A,15.58719,6.8950696
MCTP1,15.58719,6.8950696
HLTF,15.58719,6.8950696
NUP133,15.58719,6.8950696
TARBP1,15.58719,6.8950696
PPFIA3,15.58719,6.8950696
RIPOR1,15.58719,6.8950696
GRM6,15.58719,6.8950696
SEMA3F,15.58719,6.8950696
KIF4B,15.58719,6.8950696
AP3B2,15.58719,6.8950696
CACNA1C,15.58719,6.8950696
PKP4,15.58719,6.8950696
CUL5,15.58719,6.8950696
RFC1,15.58719,6.8950696
OSBP2,15.58719,6.8950696
IPO13,15.58719,6.8950696
RGS3,15.58719,6.8950696
CAND2,15.58719,6.8950696
OPLAH,15.58719,6.8950696
NDST2,15.58719,6.8950696
SIK2,15.58719,6.8950696
WDR7,15.58719,6.8950696
GALC,15.58719,6.8950696
DIS3L2,15.58719,6.8950696
TMC2,15.58719,6.8950696
OSBPL6,15.58719,6.8950696
MUSK,15.58719,6.8950696
ERN1,15.58719,6.8950696
PPP1R12B,15.58719,6.8950696
HIPK3,15.58719,6.8950696
PDE8B,15.58719,6.8950696
CAPN7,15.58719,6.8950696
CHRD,15.58719,6.8950696
SLC20A2,15.58719,6.8950696
TECPR2,15.58719,6.8950696
TNIK,15.58719,6.8950696
DES,15.58719,6.8950696
OSBPL1A,15.58719,6.8950696
PRKCH,15.58719,6.8950696
ARHGAP45,15.58719,6.8950696
SHROOM2,15.58719,6.8950696
CENPE,15.58719,6.8950696
AFF1,15.58719,6.8950696
IQSEC1,15.58719,6.8950696
PRRC2A,15.58719,6.8950696
LARP1,15.58719,6.8950696
XIRP1,15.58719,6.8950696
TTC17,15.58719,6.8950696
IRS1,15.58719,6.8950696
AGBL5,15.58719,6.8950696
PPFIBP1,15.58719,6.8950696
NWD1,15.58719,6.8950696
PCCB,15.58719,6.8950696
PLA2G6,15.58719,6.8950696
SMARCAL1,15.58719,6.8950696
FHAD1,15.58719,6.8950696
ATAD5,15.58719,6.8950696
PAXBP1,15.58719,6.8950696
TNPO1,15.58719,6.8950696
MPRIP,15.58719,6.8950696
TRIO,15.58719,6.8950696
HMGCR,15.58719,6.8950696
TMEM131L,15.58719,6.8950696
LRRFIP2,15.58719,6.8950696
LRIG1,15.58719,6.8950696
TAF1L,15.58719,6.8950696
CARD11,15.58719,6.8950696
SMG8,15.58719,6.8950696
CWC22,15.58719,6.8950696
EFCAB5,15.58719,6.8950696
GARS,15.58719,6.8950696
ARID4A,15.58719,6.8950696
ABLIM1,15.58719,6.8950696
HEATR6,15.58719,6.8950696
CR2,15.58719,6.8950696
CLIP2,15.58719,6.8950696
GOLGB1,15.58719,6.8950696
EPC1,15.58719,6.8950696
ANKRD52,15.58719,6.8950696
POLD1,15.58719,6.8950696
GREB1L,15.58719,6.8950696
SLC26A9,15.58719,6.8950696
REV1,15.58719,6.8950696
SKOR2,15.58719,6.8950696
NHSL1,15.58719,6.8950696
KCNH8,15.58719,6.8950696
LRP12,15.58719,6.8950696
PDE1C,15.58719,6.8950696
POMT2,15.58719,6.8950696
KIF20A,15.58719,6.8950696
PLEKHG5,15.58719,6.8950696
FER1L6,15.58719,6.8950696
NYNRIN,15.58719,6.8950696
DNAH2,15.58719,6.8950696
DISP2,15.58719,6.8950696
ZNF451,15.58719,6.8950696
EXOC6B,15.58719,6.8950696
NOTCH4,15.58719,6.8950696
ASTN2,15.58719,6.8950696
OCRL,15.58719,6.8950696
ANKRD28,15.58719,6.8950696
MICAL1,15.58719,6.8950696
SGSH,15.58719,6.8950696
XPO6,15.58719,6.8950696
PAX7,15.58719,6.8950696
BCORL1,15.58719,6.8950696
EMC1,15.58719,6.8950696
RC3H1,15.58719,6.8950696
NCAN,15.58719,6.8950696
SOGA1,15.58719,6.8950696
NDUFS1,15.58719,6.8950696
PLEKHG4,15.58719,6.8950696
PHF14,15.58719,6.8950696
CLCNKB,15.58719,6.8950696
RDX,15.58719,6.8950696
NFXL1,15.58719,6.8950696
PPRC1,15.58719,6.8950696
ADAM19,15.58719,6.8950696
MROH2A,15.58719,6.8950696
EPRS,15.58719,6.8950696
DHX15,15.58719,6.8950696
BTBD7,15.58719,6.8950696
PTPRM,15.58719,6.8950696
DHX34,15.58719,6.8950696
CILP2,15.58719,6.8950696
ITGAX,15.58719,6.8950696
ABCF2,15.58719,6.8950696
MTMR11,15.58719,6.8950696
MAP3K12,15.58719,6.8950696
C2orf16,15.58719,6.8950696
ANKRD26,15.58719,6.8950696
RP1,15.58719,6.8950696
FAM214A,15.58719,6.8950696
FZD1,15.58719,6.8950696
RELCH,15.58719,6.8950696
KIF17,15.58719,6.8950696
ERC2,15.58719,6.8950696
ZNF646,15.58719,6.8950696
NLRP3,15.58719,6.8950696
FRMD4A,15.58719,6.8950696
MON2,15.58719,6.8950696
NOTCH2,15.58719,6.8950696
NADSYN1,15.58719,6.8950696
NCAM1,15.58719,6.8950696
MTMR3,15.58719,6.8950696
MALRD1,15.58719,6.8950696
NFATC2,15.58719,6.8950696
UBE4A,15.58719,6.8950696
KCNB2,15.58719,6.8950696
GFPT1,15.58719,6.8950696
FNDC3A,15.58719,6.8950696
TMTC1,15.58719,6.8950696
EFCAB6,15.58719,6.8950696
IPO8,15.58719,6.8950696
GFPT2,15.58719,6.8950696
SLC5A9,15.58719,6.8950696
FILIP1,15.58719,6.8950696
WDR6,15.58719,6.8950696
BMS1,15.58719,6.8950696
SCN11A,15.58719,6.8950696
MLLT10,15.58719,6.8950696
KCNC4,15.58719,6.8950696
ZNF850,15.58719,6.8950696
WDR60,15.58719,6.8950696
WNK4,15.58719,6.8950696
EDEM3,15.58719,6.8950696
TOP1,15.58719,6.8950696
EPHA5,15.58719,6.8950696
DDX54,15.58719,6.8950696
PDGFRA,15.58719,6.8950696
STK10,15.58719,6.8950696
ZSWIM6,15.58719,6.8950696
HNF1B,15.58719,6.8950696
KEAP1,15.58719,6.8950696
PLCB2,15.58719,6.8950696
MAP3K1,15.58719,6.8950696
TRPC5,15.58719,6.8950696
LATS1,15.58719,6.8950696
ZSWIM8,15.58719,6.8950696
SUCO,15.58719,6.8950696
FRMPD1,15.58719,6.8950696
PLEKHG1,15.58719,6.8950696
PARP1,15.58719,6.8950696
FAN1,15.58719,6.8950696
PLOD1,15.58719,6.8950696
HK2,15.58719,6.8950696
CEP170B,15.58719,6.8950696
NTRK1,15.58719,6.8950696
COPB1,15.58719,6.8950696
IMPDH1,15.58719,6.8950696
ALPK3,15.58719,6.8950696
EML4,15.58719,6.8950696
PRDM10,15.58719,6.8950696
SEC24A,15.58719,6.8950696
PHLDB2,15.58719,6.8950696
EXOSC10,15.58719,6.8950696
TDRD6,15.58719,6.8950696
TOPAZ1,15.58719,6.8950696
KCNH5,15.58719,6.8950696
SLC25A13,15.58719,6.8950696
PRKCG,15.58719,6.8950696
PKLR,15.58719,6.8950696
TRPC6,15.58719,6.8950696
PARP4,15.58719,6.8950696
THBS3,15.58719,6.8950696
KIF5A,15.58719,6.8950696
IARS2,15.58719,6.8950696
IQSEC3,15.58719,6.8950696
SND1,15.58719,6.8950696
HBS1L,15.58719,6.8950696
RASAL3,15.58719,6.8950696
SCAF8,15.58719,6.8950696
PASK,15.58719,6.8950696
PANK4,15.58719,6.8950696
ABCA5,15.58719,6.8950696
ARHGEF10L,15.58719,6.8950696
SLC12A2,15.58719,6.8950696
ITGA8,15.58719,6.8950696
SPG11,15.58719,6.8950696
DOP1B,15.58719,6.8950696
PTPRU,15.58719,6.8950696
GRM1,15.58719,6.8950696
GRIP1,15.58719,6.8950696
PEX6,15.58719,6.8950696
PIK3R1,15.58719,6.8950696
PDE6A,15.58719,6.8950696
EML6,15.58719,6.8950696
DCTN1,15.58719,6.8950696
AGAP3,15.58719,6.8950696
CAND1,15.58719,6.8950696
GRIK4,15.58719,6.8950696
TTBK1,15.58719,6.8950696
SMARCC1,15.58719,6.8950696
CDH4,15.58719,6.8950696
PHLPP1,15.58719,6.8950696
MYT1,15.58719,6.8950696
PAMR1,15.58719,6.8950696
NELL1,15.58719,6.8950696
HR,15.58719,6.8950696
PIK3R5,15.58719,6.8950696
DIS3L,15.58719,6.8950696
LAMA4,15.58719,6.8950696
EPHA7,15.58719,6.8950696
ZNF142,15.58719,6.8950696
ALDH1L2,15.58719,6.8950696
EPX,15.58719,6.8950696
HNF1A,15.58719,6.8950696
NFX1,15.58719,6.8950696
DGKI,15.58719,6.8950696
CUL2,15.58719,6.8950696
RBM6,15.58719,6.8950696
ANKRD12,15.58719,6.8950696
PPP1R13B,15.58719,6.8950696
ADAMTSL4,15.58719,6.8950696
CASR,15.58719,6.8950696
GFM1,15.58719,6.8950696
DDX60L,15.58719,6.8950696
PI4KB,15.58719,6.8950696
ATP7B,15.58719,6.8950696
KAT6A,15.58719,6.8950696
RNF40,15.58719,6.8950696
OGDH,15.58719,6.8950696
SLC5A10,15.58719,6.8950696
ITGA2,15.58719,6.8950696
LAMC2,15.58719,6.8950696
RBM27,15.58719,6.8950696
CRNKL1,15.58719,6.8950696
DENND5B,15.58719,6.8950696
PCSK4,15.58719,6.8950696
BCOR,15.58719,6.8950696
MTO1,15.58719,6.8950696
OGT,15.58719,6.8950696
PRSS12,15.58719,6.8950696
HDAC6,15.58719,6.8950696
EPB41L5,15.58719,6.8950696
ARSI,15.58719,6.8950696
ERBB4,15.58719,6.8950696
TNRC6C,15.58719,6.8950696
TBC1D31,15.58719,6.8950696
CCDC168,15.58719,6.8950696
DGKZ,15.58719,6.8950696
FGD6,15.58719,6.8950696
MAP3K21,15.58719,6.8950696
FZD10,15.58719,6.8950696
COL6A6,15.58719,6.8950696
CENPJ,15.58719,6.8950696
RAD54L,15.58719,6.8950696
MAP3K6,15.58719,6.8950696
PLA2R1,15.58719,6.8950696
EPHA1,15.58719,6.8950696
VAV1,15.58719,6.8950696
KIF19,15.58719,6.8950696
EVC2,15.58719,6.8950696
YME1L1,15.58719,6.8950696
MTREX,15.58719,6.8950696
TMPRSS6,15.58719,6.8950696
MED14,15.58719,6.8950696
DENND4B,15.58719,6.8950696
SMC5,15.58719,6.8950696
HDLBP,15.58719,6.8950696
ZMYM3,15.58719,6.8950696
LRP5,15.58719,6.8950696
RBL2,15.58719,6.8950696
USP28,15.58719,6.8950696
NHS,15.58719,6.8950696
UHRF1BP1,15.58719,6.8950696
POLA1,15.58719,6.8950696
PLCG2,15.58719,6.8950696
CACNA1A,15.58719,6.8950696
MIA3,15.58719,6.8950696
WWC1,15.58719,6.8950696
DDR2,15.58719,6.8950696
NEMF,15.58719,6.8950696
ERCC3,15.58719,6.8950696
AFDN,15.58719,6.8950696
EDC4,15.58719,6.8950696
TEP1,15.58719,6.8950696
RNF20,15.58719,6.8950696
STAT5B,15.58719,6.8950696
SLC12A5,15.58719,6.8950696
GRIN2D,15.58719,6.8950696
IGSF9,15.58719,6.8950696
MBD1,15.58719,6.8950696
PLOD3,15.58719,6.8950696
SEMA5A,15.58719,6.8950696
KIAA1217,15.58719,6.8950696
CEP135,15.58719,6.8950696
KIFC3,15.58719,6.8950696
MAP4K4,15.58719,6.8950696
BRIP1,15.58719,6.8950696
ATP2A2,15.58719,6.8950696
CNNM1,15.58719,6.8950696
ATP1A4,15.58719,6.8950696
COL20A1,15.58719,6.8950696
NTRK3,15.58719,6.8950696
XRN2,15.58719,6.8950696
SMARCA5,15.58719,6.8950696
CLCN5,15.58719,6.8950696
BRPF3,15.58719,6.8950696
RHBDF1,15.58719,6.8950696
PPFIA4,15.58719,6.8950696
IDUA,15.58719,6.8950696
PIK3C3,15.58719,6.8950696
TBC1D9,15.58719,6.8950696
NTRK2,15.58719,6.8950696
ACTR8,15.58719,6.8950696
SIK3,15.58719,6.8950696
ATP13A4,15.58719,6.8950696
EPHA2,15.58719,6.8950696
SH3TC2,15.58719,6.8950696
CAPN2,15.58719,6.8950696
COL15A1,15.58719,6.8950696
KIF4A,15.58719,6.8950696
CGNL1,15.58719,6.8950696
ABTB2,15.58719,6.8950696
RAG1,15.58719,6.8950696
MST1,15.58719,6.8950696
MYH1,15.58719,6.8950696
CARMIL2,15.58719,6.8950696
NEK1,15.58719,6.8950696
GOLGA3,15.58719,6.8950696
WNK3,15.58719,6.8950696
SMTN,15.58719,6.8950696
TNS2,15.58719,6.8950696
GCC2,15.58719,6.8950696
TOP3A,15.58719,6.8950696
USP6,15.58719,6.8950696
STAG2,15.58719,6.8950696
SPATA5,15.58719,6.8950696
TRAPPC9,15.58719,6.8950696
USP34,15.58719,6.8950696
IPO5,15.58719,6.8950696
EPB41L2,15.58719,6.8950696
ELP1,15.58719,6.8950696
AMPD3,15.58719,6.8950696
GRIN2A,15.58719,6.8950696
STARD13,15.58719,6.8950696
PYGM,15.58719,6.8950696
MST1R,15.58719,6.8950696
TRPC3,15.58719,6.8950696
PRDM2,15.58719,6.8950696
ARHGEF1,15.58719,6.8950696
GGCX,15.58719,6.8950696
ALOX5,15.58719,6.8950696
SMG6,15.58719,6.8950696
PIK3C2G,15.58719,6.8950696
CARMIL3,15.58719,6.8950696
PKM,15.58719,6.8950696
RAB3GAP2,15.58719,6.8950696
PDPR,15.58719,6.8950696
ADAMTS18,15.58719,6.8950696
MBTPS1,15.58719,6.8950696
PRPF3,15.58719,6.8950696
TNK2,15.58719,6.8950696
ALDH1L1,15.58719,6.8950696
SEC31A,15.58719,6.8950696
FNDC3B,15.58719,6.8950696
OPA1,15.58719,6.8950696
TBC1D8,15.58719,6.8950696
ARHGEF4,15.58719,6.8950696
ZNF407,15.58719,6.8950696
INSRR,15.58719,6.8950696
ATP6V0A2,15.58719,6.8950696
KIAA1549L,15.58719,6.8950696
SORCS1,15.58719,6.8950696
CUX1,15.58719,6.8950696
SBNO2,15.58719,6.8950696
ANKS1B,15.58719,6.8950696
AATK,15.58719,6.8950696
VWCE,15.58719,6.8950696
CABIN1,15.58719,6.8950696
ACO1,15.58719,6.8950696
ITGA11,15.58719,6.8950696
EPB41,15.58719,6.8950696
MYH10,15.58719,6.8950696
RNF31,15.58719,6.8950696
CACNA1S,15.58719,6.8950696
TPO,15.58719,6.8950696
SHROOM3,15.58719,6.8950696
CFAP57,15.58719,6.8950696
WWP1,15.58719,6.8950696
DHTKD1,15.58719,6.8950696
GTF3C2,15.58719,6.8950696
EGFLAM,15.58719,6.8950696
TTC6,15.58719,6.8950696
NPHP4,15.58719,6.8950696
EDRF1,15.58719,6.8950696
ZFR,15.58719,6.8950696
BRWD3,15.58719,6.8950696
MUT,15.58719,6.8950696
GRIA3,15.58719,6.8950696
SDK1,15.58719,6.8950696
DIAPH3,15.58719,6.8950696
AGTPBP1,15.58719,6.8950696
ACTN2,15.58719,6.8950696
CAMSAP2,15.58719,6.8950696
EIF5B,15.58719,6.8950696
NEK9,15.58719,6.8950696
PHLDB1,15.58719,6.8950696
SMG7,15.58719,6.8950696
DRP2,15.58719,6.8950696
LPIN2,15.58719,6.8950696
DAPK1,15.58719,6.8950696
POMGNT1,15.58719,6.8950696
C1orf167,15.58719,6.8950696
BEST1,15.58719,6.8950696
ALS2,15.58719,6.8950696
DSTYK,15.58719,6.8950696
TLN2,15.58719,6.8950696
STAT3,15.58719,6.8950696
MLH3,15.58719,6.8950696
SMC2,15.58719,6.8950696
RANBP2,15.58719,6.8950696
ATP4A,15.58719,6.8950696
OGDHL,15.58719,6.8950696
WRN,15.58719,6.8950696
TLL2,15.58719,6.8950696
CNTN5,15.58719,6.8950696
PTPN23,15.58719,6.8950696
MYOM1,15.58719,6.8950696
BRAF,15.58719,6.8950696
NCOA3,15.58719,6.8950696
ACTN4,15.58719,6.8950696
HNRNPUL1,15.58719,6.8950696
TRPM4,15.58719,6.8950696
CNOT1,15.58719,6.8950696
MAST4,15.58719,6.8950696
POLQ,15.58719,6.8950696
MYH9,15.58719,6.8950696
ABCD1,15.58719,6.8950696
KIAA1549,15.58719,6.8950696
NUP210,15.58719,6.8950696
GBA2,15.58719,6.8950696
PLEKHA5,15.58719,6.8950696
ABCB11,15.58719,6.8950696
CACNA2D4,15.58719,6.8950696
SLK,15.58719,6.8950696
ATP2B1,15.58719,6.8950696
ADGRL3,15.58719,6.8950696
COL5A2,15.58719,6.8950696
KIF5B,15.58719,6.8950696
FANCI,15.58719,6.8950696
CNTN2,15.58719,6.8950696
CLTCL1,15.58719,6.8950696
MAN2B2,15.58719,6.8950696
STARD9,15.58719,6.8950696
MATN2,15.58719,6.8950696
HELLS,15.58719,6.8950696
MEN1,15.58719,6.8950696
ARAP1,15.58719,6.8950696
PPIP5K2,15.58719,6.8950696
ANO8,15.58719,6.8950696
EPHA8,15.58719,6.8950696
CDK5RAP2,15.58719,6.8950696
CADPS,15.58719,6.8950696
FNDC1,15.58719,6.8950696
FREM2,15.58719,6.8950696
INPP5J,15.58719,6.8950696
DLEC1,15.58719,6.8950696
ACLY,15.58719,6.8950696
ABCC12,15.58719,6.8950696
SNED1,15.58719,6.8950696
BMPR2,15.58719,6.8950696
NES,15.58719,6.8950696
OTOG,15.58719,6.8950696
ITGA3,15.58719,6.8950696
CCAR1,15.58719,6.8950696
NRCAM,15.58719,6.8950696
MAP3K13,15.58719,6.8950696
UGGT2,15.58719,6.8950696
EZH1,15.58719,6.8950696
LPIN1,15.58719,6.8950696
WNK2,15.58719,6.8950696
ATP11A,15.58719,6.8950696
TEX14,15.58719,6.8950696
MYPN,15.58719,6.8950696
PLXNA1,15.58719,6.8950696
DLG5,15.58719,6.8950696
ADGRA3,15.58719,6.8950696
WDR59,15.58719,6.8950696
MAGI2,15.58719,6.8950696
ABCB1,15.58719,6.8950696
TEX15,15.58719,6.8950696
FAM208B,15.58719,6.8950696
HECTD1,15.58719,6.8950696
ANO2,15.58719,6.8950696
DHX36,15.58719,6.8950696
TPCN2,15.58719,6.8950696
GRIA4,15.58719,6.8950696
FBLN1,15.58719,6.8950696
TICRR,15.58719,6.8950696
PIK3R4,15.58719,6.8950696
PKDREJ,15.58719,6.8950696
WWP2,15.58719,6.8950696
FAM208A,15.58719,6.8950696
BAIAP3,15.58719,6.8950696
TJP2,15.58719,6.8950696
PLCB3,15.58719,6.8950696
EEA1,15.58719,6.8950696
TEK,15.58719,6.8950696
MAP3K9,15.58719,6.8950696
HIRA,15.58719,6.8950696
SPTBN4,15.58719,6.8950696
ITGA6,15.58719,6.8950696
INPP5F,15.58719,6.8950696
TBCD,15.58719,6.8950696
PDE6B,15.58719,6.8950696
PRDM15,15.58719,6.8950696
UGT1A1,15.58719,6.8950696
PLB1,15.58719,6.8950696
EPHA3,15.58719,6.8950696
MARF1,15.58719,6.8950696
ABCC4,15.58719,6.8950696
CCDC88B,15.58719,6.8950696
PDE4A,15.58719,6.8950696
WDR90,15.58719,6.8950696
ABCB5,15.58719,6.8950696
KCNQ4,15.58719,6.8950696
PTPRB,15.58719,6.8950696
MSH5,15.58719,6.8950696
TRPV1,15.58719,6.8950696
PHRF1,15.58719,6.8950696
ABCA10,15.58719,6.8950696
GRM2,15.58719,6.8950696
HYDIN,15.58719,6.8950696
DUOX2,15.58719,6.8950696
PLCG1,15.58719,6.8950696
GON4L,15.58719,6.8950696
ATP2C1,15.58719,6.8950696
ATP13A5,15.58719,6.8950696
ERCC6,15.58719,6.8950696
TMEM67,15.58719,6.8950696
UNC13D,15.58719,6.8950696
ERC1,15.58719,6.8950696
PDE4D,15.58719,6.8950696
INF2,15.58719,6.8950696
ERCC2,15.58719,6.8950696
SYTL2,15.58719,6.8950696
SLC12A9,15.58719,6.8950696
TP73,15.58719,6.8950696
SMURF2,15.58719,6.8950696
PITPNM1,15.58719,6.8950696
MFN2,15.58719,6.8950696
FRY,15.58719,6.8950696
NCAPD3,15.58719,6.8950696
TCIRG1,15.58719,6.8950696
GUCY2C,15.58719,6.8950696
UBE2O,15.58719,6.8950696
PXDN,15.58719,6.8950696
XDH,15.58719,6.8950696
COL24A1,15.58719,6.8950696
UBE4B,15.58719,6.8950696
MAGI3,15.58719,6.8950696
PLCB4,15.58719,6.8950696
ANO1,15.58719,6.8950696
DIAPH2,15.58719,6.8950696
ATP8B4,15.58719,6.8950696
PLCH2,15.58719,6.8950696
TET1,15.58719,6.8950696
MYH4,15.58719,6.8950696
KIAA0556,15.58719,6.8950696
RBM25,15.58719,6.8950696
ITGA7,15.58719,6.8950696
AMPD2,15.58719,6.8950696
MAP3K5,15.58719,6.8950696
KIF15,15.58719,6.8950696
EPHB3,15.58719,6.8950696
PCF11,15.58719,6.8950696
MAP3K15,15.58719,6.8950696
ABL2,15.58719,6.8950696
CFAP65,15.58719,6.8950696
CAPN1,15.58719,6.8950696
NFAT5,15.58719,6.8950696
ABCF1,15.58719,6.8950696
MOV10,15.58719,6.8950696
CR1,15.58719,6.8950696
PALLD,15.58719,6.8950696
LARS,15.58719,6.8950696
TLL1,15.58719,6.8950696
SPAG9,15.58719,6.8950696
TBC1D9B,15.58719,6.8950696
NUP210L,15.58719,6.8950696
JAK1,15.58719,6.8950696
LRP2,15.58719,6.8950696
ADCY10,15.58719,6.8950696
RBBP6,15.58719,6.8950696
MCF2L,15.58719,6.8950696
TRAPPC8,15.58719,6.8950696
MED12L,15.58719,6.8950696
SUPT5H,15.58719,6.8950696
RB1,15.58719,6.8950696
AFG3L2,15.58719,6.8950696
ROR2,15.58719,6.8950696
ITGA10,15.58719,6.8950696
SOX6,15.58719,6.8950696
ABCC2,15.58719,6.8950696
NOS1,15.58719,6.8950696
MYO5C,15.58719,6.8950696
HK3,15.58719,6.8950696
SKOR1,15.58719,6.8950696
CRB1,15.58719,6.8950696
EHBP1,15.58719,6.8950696
TIE1,15.58719,6.8950696
NRP2,15.58719,6.8950696
NEDD4L,15.58719,6.8950696
ITGA2B,15.58719,6.8950696
RPGRIP1,15.58719,6.8950696
MYO6,15.58719,6.8950696
TTF2,15.58719,6.8950696
TNKS2,15.58719,6.8950696
TPP2,15.58719,6.8950696
DLG2,15.58719,6.8950696
KIF27,15.58719,6.8950696
ATP6V0A4,15.58719,6.8950696
CCDC180,15.58719,6.8950696
CACNA1G,15.58719,6.8950696
COL9A1,15.58719,6.8950696
IFT122,15.58719,6.8950696
VWDE,15.58719,6.8950696
RRP12,15.58719,6.8950696
PFKM,15.58719,6.8950696
AKAP6,15.58719,6.8950696
NUP160,15.58719,6.8950696
DNM3,15.58719,6.8950696
HCFC1,15.58719,6.8950696
PKD2,15.58719,6.8950696
PREX2,15.58719,6.8950696
BOD1L1,15.58719,6.8950696
FRMPD3,15.58719,6.8950696
GLI2,15.58719,6.8950696
ZSWIM5,15.58719,6.8950696
CBLB,15.58719,6.8950696
EPHA4,15.58719,6.8950696
NOTCH1,15.58719,6.8950696
TRPM7,15.58719,6.8950696
CTC1,15.58719,6.8950696
ATRNL1,15.58719,6.8950696
TMPRSS9,15.58719,6.8950696
COMP,15.58719,6.8950696
SFI1,15.58719,6.8950696
POMT1,15.58719,6.8950696
DIAPH1,15.58719,6.8950696
ABCC11,15.58719,6.8950696
TIAM1,15.58719,6.8950696
TULP4,15.58719,6.8950696
PIK3CD,15.58719,6.8950696
MEGF10,15.58719,6.8950696
CSPG4,15.58719,6.8950696
FIP1L1,15.58719,6.8950696
DDX46,15.58719,6.8950696
NKTR,15.58719,6.8950696
FLG,15.58719,6.8950696
EPHB4,15.58719,6.8950696
AARS2,15.58719,6.8950696
RAPGEF6,15.58719,6.8950696
PDS5B,15.58719,6.8950696
LMO7,15.58719,6.8950696
CNGB1,15.58719,6.8950696
SLIT2,15.58719,6.8950696
ANKHD1,15.58719,6.8950696
TP63,15.58719,6.8950696
HEATR5B,15.58719,6.8950696
GAA,15.58719,6.8950696
ADAMTS10,15.58719,6.8950696
TOPBP1,15.58719,6.8950696
JAK2,15.58719,6.8950696
INO80,15.58719,6.8950696
GPR158,15.58719,6.8950696
SMC4,15.58719,6.8950696
ADCY2,15.58719,6.8950696
NVL,15.58719,6.8950696
ECE2,15.58719,6.8950696
POLE,15.58719,6.8950696
PIEZO2,15.58719,6.8950696
SUPT16H,15.58719,6.8950696
MMEL1,15.58719,6.8950696
CDK12,15.58719,6.8950696
SCN10A,15.58719,6.8950696
OTOGL,15.58719,6.8950696
SEC23B,15.58719,6.8950696
ECEL1,15.58719,6.8950696
TACC2,15.58719,6.8950696
CCDC88C,15.58719,6.8950696
PLEKHA7,15.58719,6.8950696
HCN4,15.58719,6.8950696
TPCN1,15.58719,6.8950696
PARD3,15.58719,6.8950696
SPEF2,15.58719,6.8950696
FREM1,15.58719,6.8950696
FLG2,15.58719,6.8950696
PLXNA4,15.58719,6.8950696
ARHGEF40,15.58719,6.8950696
RC3H2,15.58719,6.8950696
NRAP,15.58719,6.8950696
NID2,15.58719,6.8950696
KCNH1,15.58719,6.8950696
PFAS,15.58719,6.8950696
CACNA2D2,15.58719,6.8950696
HRNR,15.58719,6.8950696
FAM186A,15.58719,6.8950696
FBLN2,15.58719,6.8950696
KDM2B,15.58719,6.8950696
DOCK10,15.58719,6.8950696
ATM,15.58719,6.8950696
SULF1,15.58719,6.8950696
AMBRA1,15.58719,6.8950696
FGFR4,15.58719,6.8950696
TTLL5,15.58719,6.8950696
NSD3,15.58719,6.8950696
MYH6,15.58719,6.8950696
PYGB,15.58719,6.8950696
ADCY6,15.58719,6.8950696
TTC3,15.58719,6.8950696
AEBP1,15.58719,6.8950696
CAPN3,15.58719,6.8950696
PIK3CB,15.58719,6.8950696
NWD2,15.58719,6.8950696
FRMD4B,15.58719,6.8950696
UTP20,15.58719,6.8950696
MAPKBP1,15.58719,6.8950696
XPO7,15.58719,6.8950696
COL1A2,15.58719,6.8950696
PTPRF,15.58719,6.8950696
GRM3,15.58719,6.8950696
SMC1B,15.58719,6.8950696
VARS2,15.58719,6.8950696
ZGRF1,15.58719,6.8950696
TSPOAP1,15.58719,6.8950696
ABCA8,15.58719,6.8950696
SOS2,15.58719,6.8950696
RAPGEF2,15.58719,6.8950696
CPT1A,15.58719,6.8950696
TIAM2,15.58719,6.8950696
CDC42BPG,15.58719,6.8950696
CCDC88A,15.58719,6.8950696
RSF1,15.58719,6.8950696
GRID2,15.58719,6.8950696
USP7,15.58719,6.8950696
IGSF9B,15.58719,6.8950696
IARS,15.58719,6.8950696
MET,15.58719,6.8950696
TRANK1,15.58719,6.8950696
PLEKHH1,15.58719,6.8950696
JAK3,15.58719,6.8950696
CFAP46,15.58719,6.8950696
ADAMTS14,15.58719,6.8950696
LRP8,15.58719,6.8950696
LAMB2,15.58719,6.8950696
ADGRL1,15.58719,6.8950696
ATR,15.58719,6.8950696
CPLANE1,15.58719,6.8950696
ROBO3,15.58719,6.8950696
SYNM,15.58719,6.8950696
AK9,15.58719,6.8950696
KIF23,15.58719,6.8950696
PTPN21,15.58719,6.8950696
DENND4C,15.58719,6.8950696
ATG2A,15.58719,6.8950696
ADAMTS12,15.58719,6.8950696
RASGRF2,15.58719,6.8950696
MYO1H,15.58719,6.8950696
MYO1G,15.58719,6.8950696
TOP2A,15.58719,6.8950696
FASN,15.58719,6.8950696
EXTL3,15.58719,6.8950696
SUPT6H,15.58719,6.8950696
HEPH,15.58719,6.8950696
LPA,15.58719,6.8950696
MYO9A,15.58719,6.8950696
CFTR,15.58719,6.8950696
SLC12A1,15.58719,6.8950696
ABI3BP,15.58719,6.8950696
EIF4G3,15.58719,6.8950696
MTCL1,15.58719,6.8950696
MKI67,15.58719,6.8950696
SEC16A,15.58719,6.8950696
ROCK2,15.58719,6.8950696
NUP98,15.58719,6.8950696
PEAK1,15.58719,6.8950696
SULF2,15.58719,6.8950696
DHX8,15.58719,6.8950696
SCUBE3,15.58719,6.8950696
GRM8,15.58719,6.8950696
DLC1,15.58719,6.8950696
ADAMTS17,15.58719,6.8950696
TNS3,15.58719,6.8950696
MXRA5,15.58719,6.8950696
SF3B3,15.58719,6.8950696
UNC13C,15.58719,6.8950696
PCM1,15.58719,6.8950696
ESYT1,15.58719,6.8950696
CRB2,15.58719,6.8950696
SLC4A7,15.58719,6.8950696
NUMA1,15.58719,6.8950696
PDCD11,15.58719,6.8950696
CC2D2A,15.58719,6.8950696
CIT,15.58719,6.8950696
KIF16B,15.58719,6.8950696
PREX1,15.58719,6.8950696
ZC3H13,15.58719,6.8950696
MYO1C,15.58719,6.8950696
ADCY8,15.58719,6.8950696
NUP155,15.58719,6.8950696
EPB41L3,15.58719,6.8950696
ZNF469,15.58719,6.8950696
FN1,15.58719,6.8950696
MAP1A,15.58719,6.8950696
DNMT1,15.58719,6.8950696
CUL9,15.58719,6.8950696
GLG1,15.58719,6.8950696
NEDD4,15.58719,6.8950696
LY75,15.58719,6.8950696
NOTCH3,15.58719,6.8950696
NUP214,15.58719,6.8950696
ATP2A3,15.58719,6.8950696
CLCN2,15.58719,6.8950696
TNR,15.58719,6.8950696
SBF2,15.58719,6.8950696
PC,15.58719,6.8950696
NEURL4,15.58719,6.8950696
HKDC1,15.58719,6.8950696
MYO1F,15.58719,6.8950696
DOCK11,15.58719,6.8950696
WDR11,15.58719,6.8950696
ATP13A2,15.58719,6.8950696
KCNH6,15.58719,6.8950696
TERT,15.58719,6.8950696
CFAP44,15.58719,6.8950696
MYO5B,15.58719,6.8950696
ZFHX4,15.58719,6.8950696
CADPS2,15.58719,6.8950696
ARFGEF3,15.58719,6.8950696
DHX38,15.58719,6.8950696
CLCN6,15.58719,6.8950696
TNS1,15.58719,6.8950696
PTPRQ,15.58719,6.8950696
MAGI1,15.58719,6.8950696
TECPR1,15.58719,6.8950696
MAN2A2,15.58719,6.8950696
NOS3,15.58719,6.8950696
CROCC,15.58719,6.8950696
EHMT2,15.58719,6.8950696
PLXNB3,15.58719,6.8950696
MAN2B1,15.58719,6.8950696
MTMR4,15.58719,6.8950696
PLXNB2,15.58719,6.8950696
TUT4,15.58719,6.8950696
DNAH17,15.58719,6.8950696
MYO1A,15.58719,6.8950696
ARFGEF2,15.58719,6.8950696
ROBO2,15.58719,6.8950696
NPR2,15.58719,6.8950696
INSR,15.58719,6.8950696
KIF7,15.58719,6.8950696
WDR81,15.58719,6.8950696
ATP9B,15.58719,6.8950696
PCNX3,15.58719,6.8950696
PLXND1,15.58719,6.8950696
PCNX1,15.58719,6.8950696
PTCH2,15.58719,6.8950696
ARHGEF11,15.58719,6.8950696
PHKB,15.58719,6.8950696
CNTNAP5,15.58719,6.8950696
PAPPA,15.58719,6.8950696
INPPL1,15.58719,6.8950696
SHANK1,15.58719,6.8950696
ABCA9,15.58719,6.8950696
COPA,15.58719,6.8950696
AHNAK2,15.58719,6.8950696
DNAJC13,15.58719,6.8950696
MYO18A,15.58719,6.8950696
SI,15.58719,6.8950696
DNMT3B,15.58719,6.8950696
DIDO1,15.58719,6.8950696
ESPL1,15.58719,6.8950696
USH2A,15.58719,6.8950696
DGKH,15.58719,6.8950696
DCC,15.58719,6.8950696
PRUNE2,15.58719,6.8950696
HERC1,15.58719,6.8950696
SLC4A3,15.58719,6.8950696
TJP1,15.58719,6.8950696
MYLK,15.58719,6.8950696
GREB1,15.58719,6.8950696
ALK,15.58719,6.8950696
APC2,15.58719,6.8950696
LTBP1,15.58719,6.8950696
DNM1,15.58719,6.8950696
KIF20B,15.58719,6.8950696
ARHGAP21,15.58719,6.8950696
AHCTF1,15.58719,6.8950696
WDR19,15.58719,6.8950696
SARDH,15.58719,6.8950696
CEP192,15.58719,6.8950696
SETDB1,15.58719,6.8950696
LCT,15.58719,6.8950696
KCNH3,15.58719,6.8950696
COL6A1,15.58719,6.8950696
DIP2B,15.58719,6.8950696
SBNO1,15.58719,6.8950696
RTEL1,15.58719,6.8950696
LAMC1,15.58719,6.8950696
ABCA7,15.58719,6.8950696
PTPRK,15.58719,6.8950696
PHKA2,15.58719,6.8950696
GRM4,15.58719,6.8950696
USP32,15.58719,6.8950696
NIN,15.58719,6.8950696
NFASC,15.58719,6.8950696
ANK3,15.58719,6.8950696
EVPL,15.58719,6.8950696
SMCHD1,15.58719,6.8950696
RTTN,15.58719,6.8950696
ERBB3,15.58719,6.8950696
ADGRV1,15.58719,6.8950696
RAD54L2,15.58719,6.8950696
MYO1B,15.58719,6.8950696
ADAMTSL3,15.58719,6.8950696
NPHP3,15.58719,6.8950696
TG,15.58719,6.8950696
CGN,15.58719,6.8950696
MYH13,15.58719,6.8950696
MYH7B,15.58719,6.8950696
SBF1,15.58719,6.8950696
ATAD2,15.58719,6.8950696
MYO3B,15.58719,6.8950696
TANC1,15.58719,6.8950696
ERBB2,15.58719,6.8950696
GPR179,15.58719,6.8950696
ATG2B,15.58719,6.8950696
SOS1,15.58719,6.8950696
PHKA1,15.58719,6.8950696
MAST2,15.58719,6.8950696
COL4A5,15.58719,6.8950696
SMG1,15.58719,6.8950696
ABCB4,15.58719,6.8950696
MYOM2,15.58719,6.8950696
CDC42BPA,15.58719,6.8950696
ATP13A1,15.58719,6.8950696
MED12,15.58719,6.8950696
NPC1,15.58719,6.8950696
SCN4A,15.58719,6.8950696
GTF3C1,15.58719,6.8950696
URB1,15.58719,6.8950696
COL22A1,15.58719,6.8950696
DOCK2,15.58719,6.8950696
SNRNP200,15.58719,6.8950696
ITGB4,15.58719,6.8950696
ATP1A2,15.58719,6.8950696
LAMA3,15.58719,6.8950696
MED23,15.58719,6.8950696
EIF4G1,15.58719,6.8950696
COL16A1,15.58719,6.8950696
GANAB,15.58719,6.8950696
LRP4,15.58719,6.8950696
ATP10A,15.58719,6.8950696
ABCC1,15.58719,6.8950696
MGAM,15.58719,6.8950696
ITSN2,15.58719,6.8950696
PCDH15,15.58719,6.8950696
CLASP1,15.58719,6.8950696
MYO7B,15.58719,6.8950696
PIK3C2A,15.58719,6.8950696
RICTOR,15.58719,6.8950696
NRXN2,15.58719,6.8950696
COL27A1,15.58719,6.8950696
MYO16,15.58719,6.8950696
ADAMTSL1,15.58719,6.8950696
JAG1,15.58719,6.8950696
POLR3B,15.58719,6.8950696
ZZEF1,15.58719,6.8950696
FLT4,15.58719,6.8950696
NCOR2,15.58719,6.8950696
TENM4,15.58719,6.8950696
CSMD2,15.58719,6.8950696
COL6A2,15.58719,6.8950696
FAT1,15.58719,6.8950696
MPDZ,15.58719,6.8950696
WDR87,15.58719,6.8950696
SETX,15.58719,6.8950696
ZNF106,15.58719,6.8950696
SCN3A,15.58719,6.8950696
CNTRL,15.58719,6.8950696
IGFN1,15.58719,6.8950696
LAMA1,15.58719,6.8950696
PRRC2B,15.58719,6.8950696
NAV2,15.58719,6.8950696
ATP2B3,15.58719,6.8950696
FAT2,15.58719,6.8950696
JAG2,15.58719,6.8950696
TAF1,15.58719,6.8950696
CENPF,15.58719,6.8950696
SDK2,15.58719,6.8950696
STAB2,15.58719,6.8950696
DROSHA,15.58719,6.8950696
KIF1B,15.58719,6.8950696
DMXL1,15.58719,6.8950696
LRRK2,15.58719,6.8950696
DOCK7,15.58719,6.8950696
PBRM1,15.58719,6.8950696
IQGAP3,15.58719,6.8950696
COL4A6,15.58719,6.8950696
ABCC6,15.58719,6.8950696
ZFHX2,15.58719,6.8950696
HEATR5A,15.58719,6.8950696
SLC12A4,15.58719,6.8950696
ARFGEF1,15.58719,6.8950696
DEPDC5,15.58719,6.8950696
AKAP13,15.58719,6.8950696
THSD7B,15.58719,6.8950696
IGF1R,15.58719,6.8950696
CEP290,15.58719,6.8950696
UBR2,15.58719,6.8950696
TRPM1,15.58719,6.8950696
SIPA1L1,15.58719,6.8950696
KIF26A,15.58719,6.8950696
VCAN,15.58719,6.8950696
DMBT1,15.58719,6.8950696
BAZ2A,15.58719,6.8950696
PKD1L1,15.58719,6.8950696
PRPF8,15.58719,6.8950696
IQGAP1,15.58719,6.8950696
DISP3,15.58719,6.8950696
OTOF,15.58719,6.8950696
COL11A2,15.58719,6.8950696
SLIT1,15.58719,6.8950696
PIK3C2B,15.58719,6.8950696
COL4A3,15.58719,6.8950696
UNC13A,15.58719,6.8950696
TPR,15.58719,6.8950696
POLG,15.58719,6.8950696
ABCC3,15.58719,6.8950696
USP24,15.58719,6.8950696
NBAS,15.58719,6.8950696
KIF13A,15.58719,6.8950696
CDH23,15.58719,6.8950696
HECW1,15.58719,6.8950696
VWA8,15.58719,6.8950696
HSPG2,15.58719,6.8950696
AGL,15.58719,6.8950696
GBF1,15.58719,6.8950696
CLUH,15.58719,6.8950696
ABCC10,15.58719,6.8950696
PI4KA,15.58719,6.8950696
COL11A1,15.58719,6.8950696
KAT6B,15.58719,6.8950696
CEP250,15.58719,6.8950696
RALGAPA1,15.58719,6.8950696
MTOR,15.58719,6.8950696
DOCK4,15.58719,6.8950696
EYS,15.58719,6.8950696
DOCK3,15.58719,6.8950696
ADAMTS20,15.58719,6.8950696
TRPM3,15.58719,6.8950696
KIF1A,15.58719,6.8950696
COL12A1,15.58719,6.8950696
COL14A1,15.58719,6.8950696
DOCK9,15.58719,6.8950696
KDM5A,15.58719,6.8950696
DOP1A,15.58719,6.8950696
SHPRH,15.58719,6.8950696
ABCC9,15.58719,6.8950696
LAMA2,15.58719,6.8950696
SYNE2,15.58719,6.8950696
BSN,15.58719,6.8950696
SPTBN2,15.58719,6.8950696
MYO15A,15.58719,6.8950696
DOCK1,15.58719,6.8950696
EPG5,15.58719,6.8950696
PCNT,15.58719,6.8950696
ALMS1,15.58719,6.8950696
ZFHX3,15.58719,6.8950696
AQR,15.58719,6.8950696
COL6A5,15.58719,6.8950696
KCNH2,15.58719,6.8950696
COL1A1,15.58719,6.8950696
CHD4,15.58719,6.8950696
LTBP4,15.58719,6.8950696
RALGAPA2,15.58719,6.8950696
TRIOBP,15.58719,6.8950696
FAT4,15.58719,6.8950696
PIKFYVE,15.58719,6.8950696
PRRC2C,15.58719,6.8950696
SLIT3,15.58719,6.8950696
HELZ,15.58719,6.8950696
F5,15.58719,6.8950696
NCOR1,15.58719,6.8950696
DNAH7,15.58719,6.8950696
ATRX,15.58719,6.8950696
ZNFX1,15.58719,6.8950696
ANK1,15.58719,6.8950696
CSMD3,15.58719,6.8950696
PLCE1,15.58719,6.8950696
MYH8,15.58719,6.8950696
SPTA1,15.58719,6.8950696
SCN5A,15.58719,6.8950696
REV3L,15.58719,6.8950696
RNF213,15.58719,6.8950696
XIRP2,15.58719,6.8950696
CELSR1,15.58719,6.8950696
F8,15.58719,6.8950696
VWF,15.58719,6.8950696
SPEG,15.58719,6.8950696
ITPR3,15.58719,6.8950696
UNC13B,15.58719,6.8950696
TNXB,15.58719,6.8950696
APOB,15.58719,6.8950696
WDFY4,15.58719,6.8950696
CEP350,15.58719,6.8950696
SPTB,15.58719,6.8950696
LYST,15.58719,6.8950696
ABCA2,15.58719,6.8950696
CHD9,15.58719,6.8950696
GCN1,15.58719,6.8950696
MYO10,15.58719,6.8950696
VPS13D,15.58719,6.8950696
FBN2,15.58719,6.8950696
MDN1,15.58719,6.8950696
SCN9A,15.58719,6.8950696
KIAA1109,15.58719,6.8950696
WNK1,15.58719,6.8950696
MEGF8,15.58719,6.8950696
KIF13B,15.58719,6.8950696
TENM3,15.58719,6.8950696
UTRN,15.58719,6.8950696
DSP,15.58719,6.8950696
PKHD1,15.58719,6.8950696
VPS13A,15.58719,6.8950696
CACNA1F,15.58719,6.8950696
HUWE1,15.58719,6.8950696
ABCA1,15.58719,6.8950696
MGA,15.58719,6.8950696
BPTF,15.58719,6.8950696
HTT,15.58719,6.8950696
CACNA1B,15.58719,6.8950696
MYOF,15.58719,6.8950696
LRP1,15.58719,6.8950696
DCHS1,15.58719,6.8950696
DNAH10,15.58719,6.8950696
MYO18B,15.58719,6.8950696
PLEC,15.58719,6.8950696
ASCC3,15.58719,6.8950696
CHD6,15.58719,6.8950696
PRKDC,15.58719,6.8950696
COL5A1,15.58719,6.8950696
DNAH1,15.58719,6.8950696
DNAH12,15.58719,6.8950696
SORL1,15.58719,6.8950696
KALRN,15.58719,6.8950696
NBEAL1,15.58719,6.8950696
FAT3,15.58719,6.8950696
DMXL2,15.58719,6.8950696
MYO7A,15.58719,6.8950696
COL6A3,15.58719,6.8950696
RYR2,15.58719,6.8950696
MYH3,15.58719,6.8950696
CELSR3,15.58719,6.8950696
ITPR2,15.58719,6.8950696
CELSR2,15.58719,6.8950696
ABCA12,15.58719,6.8950696
TLN1,15.58719,6.8950696
CAD,15.58719,6.8950696
APC,15.58719,6.8950696
FLNA,15.58719,6.8950696
FLNC,15.58719,6.8950696
FLNB,15.58719,6.8950696
STAB1,15.58719,6.8950696
ABCA4,15.58719,6.8950696
VPS13C,15.58719,6.8950696
PKHD1L1,15.58719,6.8950696
DNAH14,15.58719,6.8950696
DNAH8,15.58719,6.8950696
TENM1,15.58719,6.8950696
CSMD1,15.58719,6.8950696
ABCA13,15.58719,6.8950696
SPTBN5,15.58719,6.8950696
TTC28,15.58719,6.8950696
DNAH6,15.58719,6.8950696
LAMA5,15.58719,6.8950696
ASPM,15.58719,6.8950696
SZT2,15.58719,6.8950696
DNAH3,15.58719,6.8950696
FRAS1,15.58719,6.895067
ACACA,15.58719,6.895067
FBN3,15.58719,6.895067
HERC2,15.58719,6.895067
DNHD1,15.58719,6.895067
DYNC2H1,15.58719,6.895067
SVEP1,15.58719,6.895067
KMT2D,15.58719,6.895067
DMD,15.58719,6.895067
NIPBL,15.58719,6.895067
UBR4,15.58719,6.895067
RYR1,15.58719,6.895067
VPS13B,15.58719,6.895067
LRP1B,15.58719,6.895067
DNAH11,15.58719,6.895067
COL7A1,15.58719,6.895067
DNAH9,15.58719,6.895067
NEB,15.58719,6.895067
OBSCN,15.58719,6.895067
HMCN1,15.58719,6.895067
SYNE1,15.58719,6.895067
DST,15.58719,6.895067
MACF1,15.58719,6.895067
TTN,15.58719,6.895067
